300
541404430330431
348877440468778
612968808500495
953949499351870
743207302134415
925547334894090
652346157249483
928492154500325
673549422384018
580837812511553
468281487986108
695355168726409
183411809528811
518980622692703
647932179072985
682535198776591
868094880021440
357457874420892
811759733108993
614136438053946
53614115171301
954679465276353
167189673802723
927979727847832
954904755290768
233071402545845
497535066527892
602994252658471
356342796406583
560046231702742
753472112341414
551008407304
720604167793131
70376087155758
736628911729994
655360317896102
12155280903006
41547402875322
735192489121124
518468936257301
589517959511730
371306039590946
256751304029497
157469336896122
548434899838653
223026509869347
195675168673037
609628651348472
811081322761066
203588111533332
151484836954905
616454502603078
423944540441527
470931888676748
7002779658515
920281131336500
335761349105249
37474838556924
39183131117478
258762859937857
341434473616366
351683760306657
790642451895130
82177639672603
198831807994039
433502466789554
700190578388551
585500070751504
503927958441353
574882458494619
990849933729375
207939049042143
113373704055149
243490116718129
43491396895401
626972183730352
438484983454311
796302737668217
38548820674777
787526019940971
274827123254296
335236349708943
175936214781777
795880998050827
958355991047927
622595715284371
122904716550971
648383783186039
48330027107593
767846310391855
671372914316637
793935870999440
626301819694588
133770777225155
345128039447261
929304968015244
57437018506831
77987071348382
211565413239263
28626085182763
77173050835378
756819809207837
192044159904714
414152500116049
658649795508827
946960239044510
861281624181895
347605166476088
677140787020271
67387739716801
975915895301313
623037648615680
328382008855483
603002464845797
95338700376580
597611890699328
216736354528204
5104926350564
603579870163754
347135581467325
426027045817909
825923359165809
873784918489882
302031669081776
803454834182498
459377253806385
650240875719177
175743954372482
644979061189644
651943477550246
414915617256311
349391471565948
132799316669614
264495534360641
922144696851025
481326894860656
326523604381788
338419314532497
774415703086846
282811946254883
122035725166606
356790885762584
138930934387595
437026443968858
188173231153867
735156435271174
733040178446492
859252920241353
908738530410771
479137353339301
744028922857628
261135120870896
602860498697220
290709602327024
645046402523019
656246118694844
33811991105769
234796439444569
461071124974787
942283817478320
396224462902142
721307235871507
213659201688748
450147157241171
419078515413912
181946883482122
540681171951842
409277173020789
1777446886581
917288558348971
662378546261479
656960550147444
789084781438294
455605910517645
124613079711444
282452467805209
371065701835963
44445720266716
344566010090708
871491838496398
459730994244192
743404948965256
328750907436892
936749958831306
88208204918575
450405961854846
965428955201401
258493167626516
879893252792812
476579076694615
748782031800119
54873703267756
536295821471485
488613512597396
63473817524490
30770010079363
103745373563453
127295713403130
844455055134321
880645451276442
647905482066015
33561502240171
582635564236617
359469991280869
202193367403166
370328085408745
872045933089385
135656990879102
639266528356402
24794768447221
187948547172183
639698890251373
120708442691844
46593184157829
523438677004100
394927097579252
691132102696862
524811372800966
288908620751974
722898490900322
783432408027218
401661054566619
437342337169077
158828574121643
802121608598702
309781445780543
250151226421924
191734154754781
829110882301197
579258492263353
12438509132667
651351581497673
900201844867710
826948561892361
462209998407428
694820281226734
398524304772888
390115137646823
493453699145307
888944130988140
895879108537108
981859836629343
519616057821156
389981730198788
301863451263846
435008476489943
638827458924020
310603969148912
505685200605578
531640301171830
88997090273048
207657999686783
118595223637136
204043720127637
888919030258039
874760041908688
9621239049316
243606389287533
477117461208424
556690266054999
972886127048822
195889093837094
242861924409628
700955040731158
846588734933045
137533761263002
882778173963981
255264710020348
354732467404201
540611143191939
436021819961499
378583248395032
517284704974510
297881836513989
721316944661804
811748231878321
91903668290767
451480066182288
949089138912077
613106126970834
197387008933749
354351923243557
513931132285296
645485827570619
725912556308456
189561534770697
916417511311842
596748557052184
130547780672473
524552860126628
993304039690512
446784980954725
773241967128167
194446675098507
5759376170705
227852103709197
528367900921626
178098384483449
289559853285106
631581913015653