15
0 0 10.5
2
cheese 5 2
-4.4751 3.9237 -1.8156 6.2256
-1.4438 -4.1093 2.0565 -4.4551
pineapple 3 2
3.0158 3.6581 1.7747 5.4288
3.4269 -0.8725 3.9409 1.2278
-9.4846 -0.2218 46
2 
cheese 4 2
-20.9207 0.1189 -20.9207 -6.0353
-6.4074 7.3172 -6.4074 1.1629
mushroom 4 2 
-17.3105 9.3976 -13.234 8.072
10.8611 -1.0212 -8.1733 -4.3604
0 0 12.3
3
cheese 3 2
-5.9974 2.8442 -7.2385 3.782
-2.8329 -2.5226 -1.2773 -2.5226
tomato 4 2
-0.5672 -8.3382 -0.5672 -6.7827
2.7796 -5.3253 4.3352 -5.3253
mushroom 7 2
4.598 4.4208 6.7698 6.0851 
7.0713 -2.5891 4.4928 -1.6739
0 0 12.3
3
cheese 3 2
-5.9974 2.8442 -7.2385 3.782
-2.8329 -2.5226 -1.2773 -2.5226
tomato 4 4
-0.5672 -8.3382 -0.5672 -6.7827
2.7796 -5.3253 4.3352 -5.3253
-3.3618 6.3242 -3.3618 7.8798
-0.015 9.3372 1.5405 9.3372
mushroom 7 2
4.598 4.4208 6.7698 6.0851 
7.0713 -2.5891 4.4928 -1.6739
0 0 12.3
4
cheese 3 2
-5.9974 2.8442 -7.2385 3.782
-2.8329 -2.5226 -1.2773 -2.5226
tomato 4 4
-0.5672 -8.3382 -0.5672 -6.7827
2.7796 -5.3253 4.3352 -5.3253
-3.3618 6.3242 -3.3618 7.8798
-0.015 9.3372 1.5405 9.3372
mushroom 7 2
4.598 4.4208 6.7698 6.0851 
7.0713 -2.5891 4.4928 -1.6739
pineapple 5 2
-0.6623 2.5067 -2.7469 1.3
-8.4536 -1.8099 -10.5437 -0.6126
0.0 0.0 80
5
tomato 3 8
26.8632590778 -44.5636381308 27.5966665277 -44.5636381308
-6.64193576728 -39.3584107262 -8.3271415972 -39.3584107262
-42.0065074585 -36.2206998054 -41.6282017782 -36.2206998054
9.1150009175 -38.5715023261 8.6583150327 -38.5715023261
-42.7764203747 -35.7355289143 -42.3195099288 -35.7355289143
-7.19158635407 -34.7917211458 -7.41809850515 -34.7917211458
43.434828669 -38.1579048288 43.3090771704 -38.1579048288
6.41627337641 -39.2250917385 7.18740516654 -39.2250917385
cheese 4 2
-44.579036979 -41.5110276215 -47.6916969164 -41.5110276215
8.21796984997 -42.9450019998 9.63866711719 -42.9450019998
anchovy 6 6
-10.9969196891 -43.2716080431 -14.5121118186 -43.2716080431
-10.9370108611 -42.20382777 -17.194565506 -42.20382777
22.1155616834 -39.4160297516 23.7460603294 -39.4160297516
-44.668278148 -42.3124429473 -51.163473417 -42.3124429473
39.1562403007 -40.4993356291 43.526206877 -40.4993356291
5.62582814022 -41.6078232686 -0.0872528091885 -41.6078232686
mushroom 7 4
38.3648567999 -41.5961720955 45.6490608023 -41.5961720955
-28.1541751094 -42.7036056177 -27.5528796374 -42.7036056177
21.9345822954 -42.9332593058 22.4895009187 -42.9332593058
-11.4673451083 -40.96665047 -18.7693060637 -40.96665047
pineapple 5 6
7.5802835712 -43.6004766794 5.06707206848 -43.6004766794
-7.45286775257 -44.1850428485 -9.90810206497 -44.1850428485
39.8324645966 -36.5973519502 38.7942468351 -36.5973519502
-26.4483180666 -38.2089448867 -24.2265860229 -38.2089448867
-27.4721244548 -38.0919594973 -27.7628642358 -38.0919594973
38.8669547259 -43.2724721303 36.0535359797 -43.2724721303
0.0 0.0 80
3
cheese 6 10
25.9071364517 -38.1253719753 26.9752918493 -38.1253719753
5.13832929631 -38.7593253581 6.56716506684 -38.7593253581
25.3378388837 -42.4424515478 26.2479337175 -42.4424515478
45.6268371884 -40.807632691 45.7348067291 -40.807632691
-34.4553407746 -39.9106557922 -31.274044631 -39.9106557922
-13.9314384539 -36.8124147556 -13.5161717266 -36.8124147556
5.87496201123 -39.0762681336 7.10342749673 -39.0762681336
-14.5598051212 -44.9123491533 -12.1316511985 -44.9123491533
-34.7985233738 -42.1784643038 -35.7460936215 -42.1784643038
-43.7755740942 -35.8984604422 -42.1758656511 -35.8984604422
anchovy 3 10
46.9186320368 -34.4082274295 46.9553937495 -34.4082274295
-23.8489415098 -42.6604270164 -22.9254817054 -42.6604270164
35.8282101266 -37.5833582073 34.7547565747 -37.5833582073
-42.2975511516 -38.5497588023 -42.5943867548 -38.5497588023
8.48787267755 -37.6950312914 7.36525428676 -37.6950312914
-44.637562543 -36.215354797 -44.7291101872 -36.215354797
-43.8146548408 -43.7256091622 -43.8807843087 -43.7256091622
5.22849049127 -44.6974200292 5.49310435042 -44.6974200292
-1.95835365365 -35.2599078316 -0.840523179288 -35.2599078316
46.1662250797 -43.6667057679 46.9427913831 -43.6667057679
mushroom 6 10
-43.8443870136 -40.7586745964 -41.4373003897 -40.7586745964
-43.9616644021 -42.2553171802 -42.1223884617 -42.2553171802
35.6214211933 -36.3935738629 36.4056473172 -36.3935738629
5.11063762845 -41.7604177052 3.28600956584 -41.7604177052
-33.7520513088 -36.6572872908 -36.6712838855 -36.6572872908
45.9687747194 -37.959080756 45.4637125051 -37.959080756
35.3687111665 -40.4056166391 34.5440509675 -40.4056166391
-4.09830336187 -44.4767010885 -4.45165687387 -44.4767010885
6.31734919368 -35.1402161179 6.2975438904 -35.1402161179
-43.776087082 -37.2448902784 -43.9470603823 -37.2448902784
0.0 0.0 80
4
cheese 6 10
-31.515061544 -44.6756721211 -31.2253592438 -44.6756721211
-21.9402361352 -37.389796961 -21.5919130963 -37.389796961
33.7539320215 -33.928972618 33.0847780841 -33.928972618
-22.7609805432 -36.9427413537 -21.9642393814 -36.9427413537
46.9306387402 -36.1903421733 47.5936916989 -36.1903421733
10.7829105543 -39.5890019469 11.0786038505 -39.5890019469
-30.8264688427 -38.8048637627 -30.8522607941 -38.8048637627
-31.5095820403 -35.6475588295 -31.0346448682 -35.6475588295
45.7515872883 -37.3624935764 46.4995932768 -37.3624935764
-42.0595620634 -39.8936143476 -41.3584206751 -39.8936143476
anchovy 3 2
-0.509806800556 -39.9467779797 -4.95512326774 -39.9467779797
21.6857694488 -44.9608600292 23.3297675324 -44.9608600292
mushroom 7 10
45.2644321289 -42.4250839838 46.2845993331 -42.4250839838
0.756438175146 -44.3644885899 1.81729523231 -44.3644885899
3.262313527 -38.9805256129 1.87407530551 -38.9805256129
-18.9909267834 -35.0391870838 -18.4935721509 -35.0391870838
-42.4558865798 -41.5502975725 -41.5533599521 -41.5502975725
-21.7372588768 -43.3629259505 -20.9186714193 -43.3629259505
-30.131405965 -41.2057948541 -30.2174578152 -41.2057948541
-9.96264184879 -39.0740673944 -8.78031519046 -39.0740673944
-21.2841452892 -39.956924935 -20.6437869304 -39.956924935
33.4037589056 -40.4097272375 33.6045814013 -40.4097272375
pineapple 4 10
-9.94321580922 -35.4229715464 -7.28790951494 -35.4229715464
0.545605793405 -43.4940832166 -0.386736040904 -43.4940832166
10.8188201514 -38.0756556985 11.5729579159 -38.0756556985
44.813758362 -43.1891671168 47.6123447932 -43.1891671168
23.6591923586 -35.6960396757 20.8217907374 -35.6960396757
33.2943091081 -40.9073164072 32.1726757387 -40.9073164072
44.7090362218 -40.2283681117 41.6735335125 -40.2283681117
44.0066793493 -35.6832271679 43.899895268 -35.6832271679
22.7694942212 -43.3877673434 22.8055642288 -43.3877673434
23.6402977549 -41.1508393269 25.6255682933 -41.1508393269
0.0 0.0 80
4
tomato 3 6
22.5276813215 -43.5882883058 23.8870695235 -43.5882883058
-10.9963802057 -40.6638577254 -11.9113115694 -40.6638577254
34.4930072761 -40.8504488742 35.6927355122 -40.8504488742
33.2975732929 -34.0128455074 34.4930552582 -34.0128455074
-20.7515577856 -41.757969293 -22.1078170452 -41.757969293
-33.3429502698 -43.3370864396 -31.582344052 -43.3370864396
cheese 5 2
-0.224331940736 -36.6274116357 -0.681460857333 -36.6274116357
21.9428290739 -39.6666671448 25.2790198518 -39.6666671448
anchovy 3 10
11.2302015803 -36.4697494214 12.1159218773 -36.4697494214
-8.88945484584 -37.3063209407 -7.88660505833 -37.3063209407
22.4105755887 -42.0445896427 23.2219871325 -42.0445896427
22.3272879864 -37.7756231995 23.7112049481 -37.7756231995
35.3219845326 -35.8802487593 34.3352100271 -35.8802487593
-9.13444423247 -36.9026023133 -9.40521409902 -36.9026023133
-19.2953735116 -35.4403529165 -18.4077977898 -35.4403529165
12.5524517981 -35.722678754 10.9993401819 -35.722678754
-20.1529444422 -43.3332501174 -20.2857423974 -43.3332501174
-30.2039192413 -33.2702987142 -29.5263020625 -33.2702987142
mushroom 6 10
44.6750881012 -43.2036875825 44.4188453502 -43.2036875825
11.6244925439 -36.7324927763 15.0706029291 -36.7324927763
-44.7632999457 -40.8619547866 -47.9216279056 -40.8619547866
-44.7305994052 -38.9453181989 -42.1212447896 -38.9453181989
-22.0855228088 -38.5534635572 -22.0709164955 -38.5534635572
11.7180386306 -37.9591155859 12.2639358383 -37.9591155859
-0.03401735324 -38.8106462483 -0.353628486578 -38.8106462483
-21.5569355302 -43.0735530385 -21.6066478702 -43.0735530385
22.3140491218 -35.7774979122 23.9320752318 -35.7774979122
11.4474363236 -40.92406208 10.9751419241 -40.92406208
0.0 0.0 80
4
tomato 7 10
21.8827802278 -41.4507213905 23.775821496 -41.4507213905
22.2896650517 -39.2610668207 24.8992217271 -39.2610668207
22.7441802184 -36.29418476 22.083927059 -36.29418476
30.2055603209 -44.8626419221 29.3646703915 -44.8626419221
-27.4927723242 -39.155057727 -29.9399176262 -39.155057727
-35.5714629066 -38.9076540231 -35.6378777788 -38.9076540231
-19.9878549286 -35.6247008336 -22.717290514 -35.6247008336
-27.245973682 -40.5489749285 -25.8100586398 -40.5489749285
-36.2478971344 -40.367376783 -37.0450800126 -40.367376783
13.6683690747 -35.0394222155 12.1082012257 -35.0394222155
cheese 7 10
23.7900220507 -36.5250438864 24.8936642885 -36.5250438864
-26.5751817701 -35.2479350337 -27.6069719554 -35.2479350337
-28.1485563676 -34.1206078767 -29.1497527725 -34.1206078767
21.762877313 -39.662623193 20.6820730212 -39.662623193
48.0232419168 -43.5492259417 48.959512384 -43.5492259417
-17.3235657265 -41.8228369169 -16.6398289954 -41.8228369169
-10.0325350712 -43.1211065842 -9.33333745173 -43.1211065842
22.8304802835 -34.470336049 23.9926519852 -34.470336049
-27.8150748965 -41.3857240592 -26.6324946825 -41.3857240592
23.2330749411 -44.9584247093 22.3276372422 -44.9584247093
mushroom 4 10
-2.78133356424 -43.908986145 -2.12789648014 -43.908986145
23.2785480723 -32.2032607364 23.7104648364 -32.2032607364
7.01196289924 -34.4786158934 6.73979102047 -34.4786158934
21.830063741 -32.9930509971 21.451011198 -32.9930509971
-34.6521511285 -39.3049044438 -35.7718652233 -39.3049044438
14.5455189869 -39.7038683678 15.4340220697 -39.7038683678
-43.5995032309 -34.1974921465 -44.2508139892 -34.1974921465
40.4087995609 -38.3474991055 39.4437912503 -38.3474991055
-42.3292157215 -42.2952351733 -41.7540529984 -42.2952351733
-28.3006744607 -38.1607993216 -27.4684485589 -38.1607993216
pineapple 6 10
-35.1139469941 -33.4321295033 -36.2435263606 -33.4321295033
5.15400096695 -41.8713625917 5.73197616862 -41.8713625917
48.1414476892 -40.2438435485 49.8548201215 -40.2438435485
31.1180988321 -43.8921417832 32.8082841265 -43.8921417832
14.9059003666 -44.6083022921 14.3551639504 -44.6083022921
-1.95712439884 -39.9271825811 -0.705223202192 -39.9271825811
-27.9591248514 -34.3011300891 -29.0963823403 -34.3011300891
15.0968861933 -36.1731883233 13.0039868839 -36.1731883233
46.7198976088 -41.8033220677 48.7236242814 -41.8033220677
-2.21721249521 -33.6586665145 -0.494540473062 -33.6586665145
0.0 0.0 80
4
cheese 4 10
-24.9746288894 -43.1657164838 -27.5708010009 -43.1657164838
45.0953498223 -40.5910956803 42.7780880066 -40.5910956803
-43.557829765 -36.0127412227 -43.5614462612 -36.0127412227
-24.8400801943 -38.5081852659 -24.3078139965 -38.5081852659
5.5730392411 -42.6811768019 3.17930559396 -42.6811768019
-33.3857147241 -36.8595546175 -35.8408673978 -36.8595546175
-13.4250468088 -43.2357646163 -15.8726750421 -43.2357646163
6.10418508913 -38.2030407197 6.05632230735 -38.2030407197
26.7378111513 -35.4178333809 28.0459165579 -35.4178333809
26.2570860779 -44.6874534087 24.2357820505 -44.6874534087
anchovy 3 10
27.7499889207 -36.167939052 26.6983736857 -36.167939052
-13.0016595795 -43.9421357582 -14.4960640468 -43.9421357582
17.7347636101 -40.1546500437 16.6178475384 -40.1546500437
-14.0417495017 -35.7854840348 -15.1059340529 -35.7854840348
-2.29377675218 -34.241540021 -3.532632267 -34.241540021
-4.45883984655 -40.0471269125 -5.23038767639 -40.0471269125
36.6675614286 -35.5088405863 36.7335251734 -35.5088405863
28.3285866644 -39.9440549396 29.1094760232 -39.9440549396
6.23211964308 -35.9694667174 7.59094469294 -35.9694667174
-14.819520036 -39.6846282106 -16.1665913417 -39.6846282106
mushroom 3 10
26.7351061232 -34.3999611419 28.1174467999 -34.3999611419
46.7289953588 -37.3531696408 46.2863094166 -37.3531696408
45.9625106131 -43.43115467 48.5715707668 -43.43115467
-3.54376978497 -41.804613575 -4.72398865077 -41.804613575
16.1904927101 -36.7044133306 18.6076869055 -36.7044133306
15.367718494 -42.714117006 13.9786317891 -42.714117006
-23.7568971797 -40.10432595 -25.3268765759 -40.10432595
-43.7332744118 -41.7829292611 -44.5947769645 -41.7829292611
-3.99959480949 -38.3037425496 -5.69022307945 -38.3037425496
35.9127916984 -43.9768457364 35.2716169149 -43.9768457364
pineapple 7 10
46.733535192 -39.1301760901 46.2899837572 -39.1301760901
-24.245670363 -39.7545364152 -22.1949932346 -39.7545364152
-4.08015033418 -34.4663657986 -1.91630068957 -34.4663657986
-44.7622643936 -39.6031352201 -43.300279608 -39.6031352201
-23.4977141381 -36.7009982963 -24.9623960583 -36.7009982963
-33.6041153684 -44.6706258022 -31.6749303363 -44.6706258022
46.7621163077 -37.2319066012 45.1808016668 -37.2319066012
36.2572242378 -39.5584796279 38.1703694159 -39.5584796279
5.30013924091 -41.1174453711 5.55566364408 -41.1174453711
-44.3136705367 -40.0929981259 -45.8473568946 -40.0929981259
0.0 0.0 80
3
tomato 5 10
5.02805201488 -33.6008250578 7.34498128201 -33.6008250578
-36.4560582357 -34.8056421482 -35.748476028 -34.8056421482
30.2079542318 -36.6563902873 30.1075040351 -36.6563902873
-44.5326552593 -38.9052931301 -43.6788596347 -38.9052931301
-44.5407376208 -34.5540104373 -47.1145783909 -34.5540104373
38.6498769262 -38.5662725235 37.6595339787 -38.5662725235
38.7076382736 -35.5387838029 40.3681206465 -35.5387838029
-44.9887445294 -42.5208506756 -43.3162960667 -42.5208506756
-44.886198565 -36.6830618002 -41.4041353955 -36.6830618002
30.2793735977 -43.5316144262 31.7196299231 -43.5316144262
cheese 3 10
38.6625107699 -36.7711244348 37.8593617664 -36.7711244348
-28.1767094581 -37.8129551178 -29.8834012903 -37.8129551178
-28.2584152391 -36.9078298887 -29.4200224251 -36.9078298887
-44.7886191763 -39.9294615533 -41.205462738 -39.9294615533
-19.7185175971 -39.6759948522 -20.9999055626 -39.6759948522
46.8044579666 -33.7351916882 45.4325059188 -33.7351916882
-11.496762901 -44.8859660272 -14.9050112339 -44.8859660272
30.0139829092 -33.9564695956 27.1983390881 -33.9564695956
-36.4547281306 -37.8239258978 -34.543712984 -37.8239258978
-3.30902031323 -38.8843239794 -1.0121267237 -38.8843239794
mushroom 6 10
47.1809708241 -37.5965459578 47.622539374 -37.5965459578
15.9130682104 -38.2305351202 15.5855754989 -38.2305351202
-3.12812480066 -33.2991535024 -2.54837756679 -33.2991535024
31.2419596122 -36.4270509693 31.589635732 -36.4270509693
47.7888866351 -32.676160292 48.1917701547 -32.676160292
-36.2438338706 -33.430362405 -35.4891430252 -33.430362405
38.6242551008 -33.7097429088 38.0305894334 -33.7097429088
-34.1760310585 -43.4809646867 -34.4051149143 -43.4809646867
24.2087251358 -32.890444116 24.3963169061 -32.890444116
49.3613670955 -41.7286464159 48.2189330257 -41.7286464159
0.0 0.0 80
4
tomato 7 10
37.5681468615 -43.6674934753 35.2255720227 -43.6674934753
37.2269519097 -39.3369876091 35.8708954446 -39.3369876091
46.2833341439 -42.4415872446 49.1486316145 -42.4415872446
0.803790032512 -42.1978103534 -1.35526152421 -42.1978103534
45.9498362015 -38.8775361967 45.6626439638 -38.8775361967
18.8921040791 -42.5750433498 20.2911901968 -42.5750433498
-16.905624937 -42.8484172471 -14.59506187 -42.8484172471
28.5332457201 -37.828644499 27.1995107262 -37.828644499
36.9796782782 -44.1247582946 37.8535955614 -44.1247582946
46.3127101351 -37.626757493 48.2524524702 -37.626757493
cheese 6 10
-26.5676313167 -35.8996719569 -27.006863456 -35.8996719569
18.864191689 -40.784433427 18.1228293016 -40.784433427
36.8464296925 -42.7793759755 39.4805220382 -42.7793759755
46.1654869168 -40.8330687649 43.0402448023 -40.8330687649
45.9414698586 -39.943685959 45.4070143185 -39.943685959
36.9440289679 -38.9446940963 36.7727104548 -38.9446940963
-17.627440484 -37.7548534576 -20.0212244073 -37.7548534576
-44.8505181995 -34.9790378182 -44.2236737325 -34.9790378182
0.486526427513 -37.8615223983 0.489079851298 -37.8615223983
-17.4585161412 -43.7532760298 -17.313244028 -43.7532760298
anchovy 6 10
10.2588510338 -43.8545196277 11.121883033 -43.8545196277
-35.6956403189 -38.0189136611 -36.1286907225 -38.0189136611
-44.9110202923 -37.1752500425 -44.0549101809 -37.1752500425
-35.1396508344 -44.8407150485 -32.5904420045 -44.8407150485
28.5547759631 -37.941507872 27.2588280908 -37.941507872
-17.491534349 -34.4151441279 -16.5894176826 -34.4151441279
19.0134221913 -44.5525466487 16.1752992644 -44.5525466487
-25.6613565148 -40.3746816182 -25.5508881033 -40.3746816182
1.44910707715 -35.0344441467 1.32445911456 -35.0344441467
10.5073312809 -39.9620298822 11.2589593097 -39.9620298822
pineapple 5 10
29.0662557318 -34.080588669 27.6675534128 -34.080588669
30.0263502299 -38.4895786389 29.3084888273 -38.4895786389
19.1922471621 -34.3165341448 19.2400172171 -34.3165341448
-44.122797036 -41.0744056557 -43.2715395239 -41.0744056557
29.1429967098 -33.2942621602 30.5323317685 -33.2942621602
-43.2179617288 -38.3154068276 -43.8167688079 -38.3154068276
21.6059677969 -34.6317026151 22.6129946776 -34.6317026151
-5.9458412767 -32.6860426958 -5.78870214283 -32.6860426958
-7.21071487414 -36.7078107843 -7.98842265084 -36.7078107843
-33.9535368538 -36.2066656666 -33.7610311331 -36.2066656666
0.0 0.0 80
4
tomato 7 2
-27.9169763635 -42.2140449336 -27.0715444659 -42.2140449336
5.69156897683 -40.5782419465 7.83862334471 -40.5782419465
anchovy 7 10
-5.07010691244 -40.148293901 -5.59457610563 -40.148293901
26.6296326413 -42.0149723646 26.7883141754 -42.0149723646
8.62235173876 -42.5361679904 8.16623386769 -42.5361679904
8.04475829534 -38.8817797855 9.093516315 -38.8817797855
9.35347857805 -35.8098707182 8.97505080812 -35.8098707182
-42.6630039023 -38.7511177591 -42.7199110202 -38.7511177591
-24.2641705902 -38.4999621217 -23.9854886827 -38.4999621217
42.0484483174 -42.8961249516 42.235504492 -42.8961249516
-24.4125085845 -42.9912159776 -23.7915616018 -42.9912159776
-41.7221160429 -43.0617982996 -40.428876637 -43.0617982996
mushroom 3 2
22.3906843074 -38.1501917842 24.7346602691 -38.1501917842
-43.0512010237 -36.6129636024 -43.6581821174 -36.6129636024
pineapple 3 10
-10.2000510814 -42.2693426167 -8.97692763493 -42.2693426167
-27.6554087924 -39.6578948821 -29.5273060532 -39.6578948821
39.2538859408 -39.0219517176 35.8143207558 -39.0219517176
-10.721012271 -40.5522076511 -6.35423959891 -40.5522076511
39.662966084 -39.7620547482 36.9907333741 -39.7620547482
40.6212885571 -41.4161734679 36.16934142 -41.4161734679
40.7468341861 -41.693425802 36.0709101489 -41.693425802
23.9059784275 -42.5157008127 26.9859123625 -42.5157008127
-43.2015944358 -44.9141544927 -37.9822755726 -44.9141544927
-44.2159000462 -39.648785835 -47.3794272699 -39.648785835
0.0 0.0 80
5
tomato 3 10
-6.71757546292 -41.9535264173 -9.42583517566 -41.9535264173
-31.1638345588 -38.2140402381 -32.388868622 -38.2140402381
32.2735455989 -39.3091543996 31.3904941532 -39.3091543996
19.6477190381 -35.9842216157 22.0889483462 -35.9842216157
-5.19127278345 -42.3440592558 -4.03592403982 -42.3440592558
20.3703127642 -41.5344109455 18.0306654006 -41.5344109455
43.4246410383 -36.0455327355 42.8061597336 -36.0455327355
5.9249287968 -35.2821329174 3.19835391057 -35.2821329174
-6.59829913042 -37.5593927539 -5.99368628403 -37.5593927539
-29.6434833301 -41.0219926114 -27.7455341056 -41.0219926114
cheese 7 4
-31.5152499484 -44.0971334635 -32.2421799795 -44.0971334635
43.4375815761 -40.9323071144 43.4331824581 -40.9323071144
-30.5225718553 -35.1986840201 -31.4709243504 -35.1986840201
-18.8115258461 -41.4944782207 -19.7305009405 -41.4944782207
anchovy 4 10
5.8477675005 -37.6683969977 5.9976245115 -37.6683969977
-19.5929412035 -40.378233741 -16.2752670078 -40.378233741
-7.34541654309 -41.5249820305 -9.2150965273 -41.5249820305
-18.8675911338 -41.6562053613 -16.1208340148 -41.6562053613
-44.8216960012 -40.7526408702 -45.8256026255 -40.7526408702
5.68994087082 -39.7441572277 7.62652980664 -39.7441572277
-44.7380446893 -39.5874083061 -42.8603477525 -39.5874083061
17.9101710644 -41.7329392368 20.3988440206 -41.7329392368
30.4216076755 -42.645654233 30.4431996487 -42.645654233
-44.0077078372 -43.6219952619 -43.3269503918 -43.6219952619
mushroom 4 10
-44.1312669042 -39.6133441075 -43.36067922 -39.6133441075
-3.98774529262 -37.7530892498 -3.44185785883 -37.7530892498
-6.29204510105 -36.4396290379 -6.02644972769 -36.4396290379
5.29894637866 -38.3106748273 4.55057241839 -38.3106748273
-31.1550823916 -39.726083913 -31.4217467275 -39.726083913
18.4140031665 -36.3809490538 20.0720820886 -36.3809490538
-41.5513153153 -39.6028767294 -42.1978906261 -39.6028767294
-43.4704170866 -41.7292983387 -45.4233071903 -41.7292983387
46.4751730784 -42.919244164 45.9201793301 -42.919244164
-5.574596385 -43.1147769828 -5.37722504022 -43.1147769828
pineapple 5 6
-18.9299397816 -43.2511707633 -22.9260660181 -43.2511707633
-19.4577596491 -39.7641457654 -17.6474975705 -39.7641457654
18.5553114447 -39.9196568562 23.1689740588 -39.9196568562
43.6291669713 -39.7838016714 46.9373570783 -39.7838016714
5.42718498448 -42.5999034618 9.89884440864 -42.5999034618
43.2712477538 -44.9095242807 42.5959663788 -44.9095242807