250
35
59
M 84 87 125 101 1 115 90 120 137 121 19 183 98 89 111 130 133 143 27 91 113 110 152 140 162 91 82 110 138 188 114 388 124 96 99 127 84 98 170 152 90 113 95 111 115 82 103 69 105 122 89 155 131 24 87 68 107 326 104
M 113 95 48 156 15 88 106 44 97 107 44 137 47 112 102 83 80 72 62 61 99 136 184 106 173 128 80 92 67 149 109 432 111 62 130 52 157 112 111 111 130 102 79 80 85 118 71 106 112 90 156 94 95 22 132 90 93 317 103
M 132 80 135 40 28 87 130 126 86 39 44 148 84 119 115 56 47 86 83 122 91 130 178 107 156 68 108 124 65 120 123 349 78 127 67 75 83 109 84 124 117 78 120 46 78 81 98 56 119 109 81 102 102 69 107 66 79 324 93
M 78 56 81 126 27 99 82 84 71 67 13 164 126 91 84 111 113 89 79 177 80 72 172 145 172 116 74 63 137 189 130 364 54 95 64 110 49 160 94 94 93 118 108 98 96 70 41 94 101 91 159 101 106 36 143 123 63 268 53
M 108 128 87 101 28 37 92 128 77 64 49 85 133 94 48 160 59 108 91 175 90 110 189 134 156 96 103 133 148 228 92 399 151 103 89 111 83 123 77 130 92 138 107 76 79 38 160 77 110 129 137 80 83 73 103 62 80 252 131
M 85 82 14 87 11 104 124 101 114 45 13 91 71 63 80 66 78 128 111 46 115 120 153 135 168 110 99 100 115 145 120 408 90 120 130 99 44 99 94 65 108 107 101 103 83 58 160 118 108 88 145 124 66 122 83 122 99 313 123
M 105 92 75 94 10 97 95 139 75 55 16 126 108 135 106 70 63 65 112 9 79 100 197 143 162 116 113 161 101 120 135 305 76 112 163 123 91 110 105 107 97 37 115 136 82 79 51 100 103 107 102 78 57 24 57 77 163 296 92
M 134 108 42 83 14 68 103 106 64 72 11 100 129 74 115 70 117 99 77 63 146 81 197 113 177 107 103 82 102 121 52 391 48 72 80 99 102 90 98 48 123 89 55 87 140 100 97 96 102 115 141 90 79 55 111 90 68 207 122
S 84 84 115 114 122 77 93 109 113 149 148 100 85 82 76 108 86 159 74 78 71 136 273 177 141 37 70 101 95 98 141 205 123 94 101 94 96 155 128 123 108 89 115 99 107 102 65 42 125 118 85 120 96 20 101 70 83 160 138
M 74 117 123 95 27 117 68 129 91 47 32 126 106 86 52 98 131 71 92 39 107 143 161 107 170 90 107 77 66 135 81 358 115 105 125 141 90 122 27 83 100 87 106 92 98 128 93 147 132 129 126 117 75 26 99 71 107 332 76
S 80 99 115 118 75 105 78 87 149 140 45 110 108 113 68 68 125 147 204 46 96 119 230 135 173 109 118 97 114 86 79 240 89 58 65 123 77 113 43 78 136 97 58 94 116 114 165 113 114 122 97 62 107 8 75 184 96 168 150
M 86 73 66 138 20 65 80 110 158 68 42 125 46 109 71 72 134 111 93 114 78 96 170 138 179 94 112 151 116 151 63 449 95 137 147 92 102 72 169 91 112 72 110 86 127 114 146 63 121 56 59 114 74 90 125 70 72 293 100
S 108 120 128 129 88 107 104 124 99 99 145 83 118 63 120 41 112 47 69 72 93 69 151 176 151 111 107 84 131 34 64 243 113 40 105 64 80 74 109 114 128 120 96 77 84 146 133 98 108 100 123 88 115 3 124 24 118 179 103
S 93 123 61 141 53 78 94 113 143 57 129 83 98 84 110 58 90 145 96 68 149 146 389 141 149 16 132 68 108 45 105 221 113 91 117 79 127 23 151 155 52 138 78 95 119 87 117 71 113 83 118 122 54 3 121 100 47 179 101
M 86 116 113 62 29 84 96 130 97 88 31 65 88 44 178 146 126 89 75 193 127 116 165 109 159 85 119 112 109 156 95 400 93 70 124 78 60 100 116 127 83 104 79 111 74 104 198 66 150 99 67 127 132 75 63 117 148 209 73
M 83 73 94 92 25 48 78 111 133 91 40 128 119 124 60 136 67 148 89 196 101 109 191 112 169 126 86 108 128 296 79 339 97 70 76 144 118 140 103 110 111 79 103 82 101 112 128 75 139 72 97 119 74 135 64 107 76 242 100
M 118 124 86 125 9 132 130 73 107 60 22 156 62 110 120 176 63 131 112 82 117 87 163 114 164 107 94 124 80 162 98 434 137 93 109 89 76 93 84 98 94 84 151 45 119 64 106 86 112 62 75 106 104 42 68 121 122 337 127
S 60 143 107 93 28 119 64 70 129 144 121 73 122 71 114 56 99 103 104 34 163 133 245 139 172 173 83 115 58 55 99 218 86 69 95 112 115 60 126 117 101 106 121 123 102 49 48 103 86 88 112 127 81 8 108 131 89 165 136
M 112 97 103 95 4 46 58 120 96 107 2 103 114 106 77 153 49 108 119 197 84 85 166 111 163 84 78 3 118 275 120 401 112 51 92 96 114 101 93 78 109 112 98 75 57 74 129 97 107 120 89 92 170 120 112 126 121 205 54
M 103 117 70 94 28 125 71 140 59 98 37 130 93 97 97 78 55 73 81 61 76 178 177 112 152 74 82 78 55 252 170 326 125 119 108 69 59 139 90 124 66 41 118 78 69 120 107 117 85 114 58 75 94 98 140 21 131 216 83
M 65 88 84 51 18 61 105 89 72 87 34 86 119 152 100 75 104 98 127 70 127 120 187 118 158 49 72 129 90 268 76 392 172 109 107 133 120 83 94 115 135 25 55 113 127 63 127 139 87 53 70 105 132 52 149 110 177 250 142
S 106 147 164 89 37 101 61 129 38 130 146 117 108 145 110 65 91 119 79 35 132 72 268 183 196 115 104 93 118 34 101 208 79 58 89 133 33 115 111 105 148 102 102 148 119 41 107 94 132 98 64 60 78 13 114 168 57 180 86
S 55 58 130 105 146 89 78 83 75 83 56 123 40 107 140 102 124 129 140 78 80 103 265 172 166 118 69 79 85 38 116 298 132 146 64 59 112 148 168 125 78 79 88 77 103 160 114 93 120 90 88 95 72 8 139 93 113 172 118
S 111 66 74 66 122 134 48 86 99 65 133 27 63 76 96 178 75 101 92 30 157 62 295 175 163 110 96 94 66 81 106 275 135 164 38 128 116 103 78 156 107 88 98 129 156 164 115 134 118 64 121 118 83 7 81 96 112 182 164
S 161 65 124 94 23 102 49 94 131 111 75 75 130 145 67 99 68 112 47 30 119 134 172 164 174 92 98 80 104 44 82 202 63 60 93 106 83 81 76 58 62 104 37 88 96 133 72 113 164 129 128 68 151 6 96 109 79 161 104
M 95 121 40 85 26 93 45 77 58 134 22 59 85 90 89 79 106 115 126 47 118 92 159 126 157 90 149 60 114 220 138 378 91 100 69 159 77 89 52 105 121 132 115 66 138 54 96 58 109 60 145 137 43 120 61 139 109 298 102
S 29 103 44 105 27 112 97 90 98 125 131 148 91 93 94 92 93 165 145 88 74 130 238 160 124 173 128 94 70 31 60 224 106 69 123 126 29 90 56 39 47 121 69 76 83 132 72 126 122 70 60 77 70 0 78 172 124 172 144
M 95 69 104 82 14 134 46 160 73 82 34 94 43 82 107 95 126 133 33 9 78 34 158 116 163 92 80 52 109 212 128 391 57 100 120 82 59 84 68 117 67 75 142 92 114 95 75 140 153 147 102 131 38 10 122 156 63 320 102
S 124 72 119 98 49 115 106 105 89 123 130 101 128 120 107 115 142 129 108 74 140 82 274 135 149 82 116 42 90 96 159 254 116 25 119 133 109 140 87 100 169 84 55 86 115 111 104 108 98 113 160 136 121 5 113 108 101 174 89
M 136 111 61 88 18 99 73 102 131 116 27 95 74 130 121 95 81 115 103 64 83 87 195 126 172 86 82 102 113 227 44 403 125 90 79 47 50 89 79 67 88 119 142 92 108 99 85 100 136 94 104 69 98 20 112 88 80 248 113
M 114 89 114 124 6 67 97 106 96 93 28 77 85 94 123 109 148 98 88 69 110 109 153 127 165 114 128 94 102 172 118 323 71 75 149 108 93 72 83 127 84 164 71 80 48 105 74 121 136 77 71 105 118 77 77 89 56 312 114
S 84 69 108 147 106 114 71 93 160 109 86 135 87 117 93 130 135 62 137 76 76 126 208 128 123 72 123 87 61 86 71 265 76 59 111 72 60 86 117 102 86 120 97 109 63 78 83 61 60 70 80 101 100 23 88 127 94 166 101
M 103 58 138 129 13 111 56 114 153 77 38 74 128 79 129 135 130 97 131 100 50 119 191 129 166 118 52 66 51 234 116 315 157 82 100 99 82 106 157 53 111 120 114 113 71 103 165 50 77 83 79 100 178 22 112 94 134 224 65
S 102 139 38 101 53 104 152 94 104 95 101 54 110 71 103 106 73 100 106 67 103 129 426 127 181 79 84 43 65 31 90 238 111 116 93 86 81 87 141 88 171 57 168 166 58 48 115 90 102 82 132 78 100 19 99 115 96 182 70
M 124 103 118 72 4 74 135 77 89 121 24 112 107 133 99 109 170 87 122 114 64 71 153 110 159 80 144 91 80 128 93 303 142 87 140 149 128 79 64 117 92 86 63 97 157 109 102 83 126 93 74 141 120 27 45 40 108 251 100
M 95 113 95 102 1 122 123 127 101 80 39 104 96 105 75 60 58 114 77 165 88 79 162 118 155 107 73 100 97 227 118 423 118 129 101 98 112 78 68 53 133 55 85 74 76 112 139 95 70 155 118 77 103 50 131 80 54 326 50
S 89 113 131 142 77 131 93 100 111 93 144 72 119 72 18 47 55 97 59 92 95 90 206 138 124 113 80 85 114 31 91 203 88 125 106 144 92 144 106 104 116 96 78 79 106 27 79 144 95 60 99 121 98 13 98 112 57 163 101
M 77 141 52 42 18 66 89 116 135 70 45 34 84 64 100 138 108 102 96 15 126 95 153 138 177 122 104 86 35 190 151 340 88 114 126 118 108 173 89 157 120 123 61 98 67 66 89 100 88 104 113 97 134 45 137 91 153 270 89
M 128 104 131 92 27 104 125 108 92 96 37 112 109 120 60 115 68 113 102 6 69 118 176 109 171 86 136 105 130 152 88 443 133 141 97 56 72 121 91 79 86 83 62 126 87 131 123 83 103 112 121 135 75 61 105 104 161 325 61
S 105 124 177 140 40 131 116 113 114 47 113 121 102 113 91 70 94 50 128 81 87 99 270 199 136 85 63 64 70 62 112 233 129 92 120 52 133 117 66 137 103 115 59 78 60 117 122 127 117 144 119 100 90 15 121 101 97 153 59
M 64 75 105 69 5 54 68 123 59 116 36 131 37 97 104 91 106 81 59 63 84 89 156 123 172 109 93 62 76 164 158 429 64 116 147 108 98 66 56 123 70 108 74 114 72 63 168 83 94 91 69 129 79 100 69 112 81 277 58
S 115 98 111 87 140 137 85 54 59 96 106 71 67 73 83 83 119 105 114 54 103 81 172 189 192 100 180 123 89 30 73 298 82 121 109 43 84 90 78 59 133 101 85 94 56 47 145 93 105 85 132 116 113 5 103 62 68 180 86
M 114 149 179 114 7 152 73 132 52 153 19 87 157 98 131 56 89 112 113 195 111 104 193 138 166 100 96 104 73 297 95 314 110 143 105 81 94 69 60 105 102 147 60 82 125 105 143 90 104 167 99 121 105 98 91 90 95 207 135
S 113 93 88 116 134 100 92 79 161 126 88 103 132 44 146 95 134 63 121 89 132 95 291 142 141 93 138 122 107 92 77 215 92 94 75 134 90 94 100 91 125 86 105 90 100 118 103 130 128 81 106 142 76 2 114 79 101 176 92
S 97 92 106 89 126 124 97 39 128 133 66 104 93 98 79 84 103 89 108 80 124 131 265 154 178 97 108 90 102 82 103 225 94 113 127 105 122 95 100 145 90 122 95 93 92 111 97 130 121 91 123 95 74 12 117 132 67 171 118
M 131 112 118 39 12 54 44 89 139 104 8 93 111 76 159 130 96 57 126 166 176 86 152 118 159 38 95 47 124 253 65 381 109 96 98 81 69 41 79 89 76 133 56 152 84 85 96 85 144 53 135 66 91 103 41 101 116 317 79
S 109 80 84 110 35 119 99 68 113 95 62 134 82 71 91 59 77 101 85 45 83 63 267 190 175 75 112 85 79 43 117 275 59 75 99 95 74 93 120 109 94 87 79 97 57 128 131 106 158 70 81 109 61 27 144 107 113 168 59
M 86 68 96 104 23 59 123 72 101 114 11 93 123 105 76 117 63 43 130 141 126 63 194 148 159 97 110 49 93 197 125 315 57 55 109 150 154 110 80 121 58 110 86 123 90 79 84 71 125 118 138 99 100 111 145 94 116 299 48
M 93 14 129 95 18 121 94 83 57 90 18 47 147 64 106 107 126 57 90 52 114 88 169 127 162 103 96 120 106 211 71 424 125 49 123 113 92 109 175 145 49 111 120 97 60 102 86 78 141 56 76 121 147 94 89 97 185 345 95
S 145 114 110 105 130 96 86 130 89 123 90 69 168 117 86 120 78 98 84 76 80 148 428 176 129 140 71 106 101 75 42 281 89 101 97 120 100 98 63 46 120 122 127 114 118 65 80 113 131 158 108 58 162 17 55 78 93 151 115
S 101 39 134 107 107 107 67 103 117 128 87 62 102 71 86 183 63 75 55 73 114 132 172 181 134 86 70 96 124 59 103 236 123 116 115 121 99 114 79 88 144 101 109 73 61 119 17 108 40 122 72 111 83 15 147 106 79 151 85
S 66 120 105 104 77 87 78 61 125 130 97 131 91 91 93 94 102 97 101 32 104 87 213 167 148 82 115 43 91 35 72 298 56 118 125 64 89 133 137 84 86 146 146 117 126 74 116 78 97 93 126 72 150 14 44 135 90 180 127
S 101 129 96 99 111 112 125 81 94 111 142 32 98 136 125 116 119 116 112 32 92 93 347 150 186 115 34 99 23 73 99 208 95 93 99 53 124 69 91 103 105 26 114 86 93 135 95 72 95 86 104 98 99 6 107 108 120 199 95
M 91 97 155 93 2 123 87 93 116 68 21 69 73 145 106 92 96 146 74 184 50 130 173 104 179 99 53 108 65 150 97 377 91 95 135 134 48 127 86 79 75 92 90 106 143 120 106 72 67 88 58 123 112 17 137 92 126 284 110
M 139 31 123 68 5 84 96 85 109 137 33 82 95 121 51 115 112 83 100 157 110 122 184 136 151 77 69 124 60 157 118 447 108 93 107 93 144 98 78 56 76 93 73 134 66 91 97 73 101 162 76 115 80 131 102 70 97 205 136
M 116 78 94 107 21 106 57 118 99 156 35 74 93 89 87 27 152 116 45 88 92 118 156 125 160 55 126 105 97 140 144 397 108 103 64 124 88 77 106 107 75 88 100 142 132 92 71 94 86 143 77 95 141 57 112 97 101 218 81
M 78 118 75 107 27 126 128 77 124 32 6 124 157 137 131 83 115 44 90 18 80 14 193 113 160 92 87 81 126 119 142 406 117 134 105 146 160 103 131 106 121 113 112 129 92 60 88 80 155 93 85 75 104 104 161 103 85 286 53
S 75 134 93 73 113 127 98 128 95 108 147 77 105 126 51 55 85 87 90 91 102 93 360 127 141 133 68 122 117 61 92 263 115 68 99 101 111 112 69 65 80 130 105 104 116 108 86 111 70 121 101 100 110 10 98 136 50 177 86
S 96 108 95 93 71 95 81 92 101 90 124 62 64 92 133 72 95 122 121 47 46 85 333 178 188 101 110 100 64 30 96 208 69 87 92 67 89 94 151 90 116 89 58 101 97 141 75 95 111 73 93 101 97 0 168 72 90 189 83
S 133 103 122 106 145 71 70 109 111 89 97 161 133 124 53 118 128 143 117 30 95 64 403 175 175 77 94 0 107 69 111 278 49 39 98 101 47 136 78 117 82 102 59 84 109 73 69 117 79 70 83 134 110 14 122 74 62 181 91
S 43 52 109 116 127 123 126 100 102 93 119 51 51 113 70 81 123 97 181 99 88 94 388 198 161 93 111 124 109 35 92 231 90 87 94 115 143 97 77 106 109 74 104 144 111 84 87 94 66 53 95 132 128 16 85 116 116 170 83
M 71 78 25 75 9 99 91 101 66 78 38 111 115 125 141 76 73 119 62 153 81 99 175 129 152 104 36 119 46 277 132 415 114 87 53 71 115 96 131 95 93 58 89 57 131 110 97 98 142 71 102 108 71 39 30 66 133 289 46
S 86 119 118 103 45 158 68 130 86 87 69 130 111 110 107 133 105 90 46 72 108 105 374 163 146 107 74 118 59 36 96 244 79 105 154 149 97 118 124 122 108 115 103 133 121 98 104 65 80 88 141 122 63 14 99 69 185 185 169
S 45 101 28 95 49 102 58 124 63 126 133 96 124 133 119 95 149 120 135 91 95 104 356 128 193 89 121 84 120 69 98 287 74 99 83 108 92 128 144 133 103 136 124 93 107 84 73 122 131 141 101 102 52 29 134 100 59 176 100
S 86 105 78 77 44 67 71 146 191 89 62 72 103 116 60 102 86 86 68 56 92 102 235 173 181 78 105 93 111 54 118 220 117 98 87 103 146 123 100 77 153 58 73 74 109 91 70 57 81 88 106 74 112 13 87 123 94 179 81
S 96 141 67 113 116 90 77 60 109 76 148 80 130 79 93 83 113 149 144 88 159 79 256 184 149 104 95 144 59 40 100 270 103 73 94 126 73 90 36 54 160 100 99 112 65 57 99 138 53 101 89 97 54 5 73 69 58 186 97
S 73 44 121 128 50 84 124 113 29 139 73 120 123 48 129 126 100 74 106 46 105 144 230 143 178 70 97 77 111 41 158 228 33 73 96 111 43 34 98 165 94 86 102 154 98 127 108 142 77 53 179 81 108 22 149 126 106 197 102
S 78 5 117 96 88 138 96 88 114 156 47 78 73 96 88 41 65 102 91 71 78 65 370 173 168 84 88 120 118 97 36 254 103 32 97 85 122 68 141 104 103 117 111 85 101 112 102 76 113 118 162 93 81 20 104 34 116 175 90
S 53 102 103 110 26 123 65 107 85 123 81 61 91 86 139 181 99 96 64 34 84 95 310 185 174 104 103 109 42 94 114 217 37 119 112 78 113 93 140 83 143 118 109 80 123 78 94 57 88 102 151 87 77 23 95 162 95 155 64
S 102 145 87 98 140 108 110 82 62 27 53 112 41 87 129 49 94 45 112 60 74 60 276 128 134 103 92 105 82 60 87 253 67 128 95 130 120 62 115 152 104 119 70 119 100 97 132 64 81 138 94 75 74 3 104 112 85 181 111
S 109 68 120 130 29 164 96 85 121 86 142 117 75 67 140 116 68 42 104 38 84 135 302 155 152 72 142 69 118 37 123 292 111 150 91 72 92 133 123 95 126 110 113 101 88 126 88 71 161 84 97 78 52 16 122 114 48 194 87
S 68 134 101 95 42 97 128 117 72 96 109 89 117 82 104 97 106 130 44 47 56 80 174 154 157 112 78 96 142 64 43 216 122 115 51 87 89 98 78 100 116 50 76 80 74 144 78 78 71 73 95 125 108 7 169 126 132 165 94
M 101 111 120 127 13 40 123 72 45 58 46 99 145 91 75 89 70 89 103 179 111 147 195 116 155 95 96 72 86 180 133 346 100 99 150 177 43 117 95 153 90 82 114 129 125 45 107 72 90 89 130 114 135 124 86 119 129 309 147
S 87 89 123 97 26 101 91 139 110 110 88 85 136 127 61 70 71 77 82 65 88 110 233 188 160 134 103 67 126 35 84 227 120 60 142 100 87 63 125 122 58 106 74 63 73 129 119 110 68 93 140 137 98 28 42 118 109 188 105
S 131 116 113 107 142 58 96 107 128 118 102 66 95 107 115 67 102 105 141 83 76 102 420 137 179 77 128 118 108 90 88 211 102 75 54 103 137 94 78 47 122 71 105 62 132 159 103 80 111 141 48 110 61 21 110 69 148 159 117
M 130 105 67 47 18 155 74 80 155 76 44 138 86 105 113 96 71 88 48 124 77 33 175 116 158 116 56 63 95 217 122 403 55 80 48 124 148 153 112 128 85 61 113 130 100 137 121 123 92 69 103 100 83 75 95 142 50 332 71
M 90 98 121 97 2 112 101 151 46 162 33 60 99 76 97 109 42 64 113 3 133 89 198 133 153 75 114 44 46 160 123 365 142 83 69 72 116 122 142 81 124 128 120 155 99 89 81 119 178 126 134 77 102 72 50 71 78 250 98
S 119 117 167 110 98 79 83 116 115 82 50 106 115 63 86 90 127 72 148 49 113 88 247 171 137 94 111 140 80 86 87 255 89 65 86 134 121 66 65 56 102 96 136 74 109 85 94 113 103 120 113 122 102 0 83 110 171 173 75
S 108 79 157 118 24 115 85 109 123 93 111 99 64 75 80 71 41 99 76 54 111 82 219 153 134 149 99 100 96 74 85 289 93 123 80 144 96 96 59 56 40 126 88 86 110 98 99 41 80 98 133 130 94 5 110 74 82 175 117
S 63 98 60 96 126 134 124 61 93 83 112 131 152 107 116 119 142 67 141 63 87 105 246 180 180 113 114 74 91 80 113 282 48 91 124 100 124 27 122 70 76 104 144 134 101 153 121 93 84 113 50 88 74 27 103 126 70 189 76
S 75 80 72 154 118 91 97 44 53 144 102 74 123 94 103 115 116 102 146 39 70 85 274 164 136 108 104 88 116 98 95 224 153 48 50 93 71 57 119 99 113 100 95 112 144 73 110 74 127 138 134 151 31 24 64 71 117 162 71
M 124 50 131 65 23 93 120 57 91 107 34 93 122 95 126 120 63 80 131 100 92 129 175 137 178 113 153 145 74 288 90 311 128 90 131 118 121 116 116 142 88 84 72 88 82 79 117 62 92 116 147 53 97 29 152 91 117 234 104
S 93 64 144 96 27 80 115 128 118 74 48 132 132 103 84 153 63 81 134 84 106 128 160 153 184 57 124 28 114 91 110 233 112 72 87 135 90 105 115 102 139 110 106 98 98 52 132 84 150 80 111 74 127 10 89 11 107 158 161
S 64 91 67 56 112 99 117 116 93 67 138 47 73 97 92 133 98 124 117 43 86 115 448 139 171 86 72 40 76 70 78 223 125 59 85 141 111 26 115 109 138 118 109 71 84 129 108 134 107 74 103 98 93 22 109 26 69 194 81
S 108 100 114 143 129 131 86 105 109 89 96 110 108 134 120 123 97 106 59 40 84 34 412 161 155 115 71 102 86 61 113 261 56 127 163 76 135 124 92 119 94 124 104 26 165 45 118 123 142 94 81 83 20 15 74 103 66 178 111
M 93 113 134 72 1 103 114 51 85 98 37 73 28 59 118 69 91 108 72 23 120 113 173 121 174 94 74 66 116 214 93 335 128 117 77 126 155 69 141 102 135 64 165 82 155 119 93 112 87 58 52 74 109 35 129 58 120 200 102
M 85 57 88 126 5 126 123 129 140 119 25 145 103 128 94 66 170 102 126 70 139 113 174 118 169 65 92 113 86 165 116 303 102 59 113 81 60 104 131 146 140 152 38 110 72 128 96 69 122 79 108 104 138 32 130 85 114 322 88
M 81 91 58 116 23 109 157 98 118 150 11 88 91 84 61 108 135 107 148 197 99 101 196 142 179 122 121 139 70 205 76 396 110 52 85 96 98 100 132 124 123 148 49 143 97 99 120 145 84 78 101 113 136 97 58 75 101 252 49
S 98 69 90 109 97 62 134 94 101 82 71 94 76 156 108 124 142 95 84 41 150 119 239 177 160 144 72 91 144 91 70 288 150 105 154 80 78 141 123 90 62 156 103 111 23 67 58 108 76 98 98 50 94 14 98 37 100 197 126
S 125 127 155 102 105 117 81 104 70 127 107 110 38 194 108 35 75 122 123 93 134 107 295 144 179 42 96 67 81 62 68 233 128 111 113 53 98 141 115 138 55 135 120 112 76 73 78 23 115 83 77 79 126 21 155 65 63 171 118
S 56 130 135 50 23 116 36 75 81 71 50 111 94 116 75 71 41 95 110 91 116 108 322 122 131 107 94 118 136 85 179 260 104 118 66 70 67 93 107 95 107 93 165 157 148 108 111 101 141 117 93 94 125 24 122 142 116 151 80
M 96 115 86 94 3 73 68 137 138 116 34 92 100 109 114 73 143 109 116 65 100 91 180 117 177 98 31 153 60 197 76 377 146 141 102 90 108 81 105 95 150 129 88 52 72 153 87 100 115 97 97 68 45 21 106 128 148 309 126
S 104 106 57 72 131 80 130 129 146 107 106 171 52 131 102 57 93 116 151 56 154 95 237 161 192 77 87 98 53 77 114 299 106 117 117 125 76 109 108 80 102 63 104 137 122 119 103 75 90 105 98 95 118 17 91 99 98 198 119
M 94 111 138 96 2 147 124 117 107 69 14 80 147 89 123 126 64 81 111 30 53 60 170 133 175 107 140 109 103 245 113 437 105 85 57 95 101 101 107 78 92 74 164 90 105 154 129 158 113 91 65 68 53 93 69 111 77 228 98
S 158 69 81 118 52 115 88 122 78 62 61 110 52 113 108 138 29 121 149 32 130 87 228 162 179 110 113 162 102 65 120 256 106 91 97 120 99 130 86 138 66 99 127 88 65 118 39 105 94 108 125 105 103 2 130 200 91 177 112
S 103 102 153 89 92 121 65 145 115 135 123 119 121 64 134 79 70 96 88 90 103 117 251 197 125 105 45 132 76 35 156 272 183 66 71 72 73 35 112 93 98 74 97 108 86 76 132 104 104 97 35 101 155 2 138 124 124 198 137
S 127 82 64 64 86 70 79 152 68 96 141 120 82 118 146 73 108 90 193 80 107 108 445 153 149 92 124 134 137 83 42 247 121 138 86 104 98 87 146 75 128 116 99 80 94 94 98 103 128 64 83 93 116 7 144 93 83 165 93
M 34 106 58 72 14 54 107 71 103 83 44 16 138 88 97 120 38 63 132 167 131 162 182 119 154 122 106 155 86 107 92 435 61 80 95 114 135 143 84 75 122 147 110 100 66 63 85 122 95 79 48 75 132 91 133 52 137 240 123
S 81 133 88 104 129 102 100 131 81 65 136 57 134 84 101 101 64 111 34 69 158 86 204 196 124 107 129 100 122 82 112 211 133 88 98 101 76 108 123 85 79 87 128 68 91 128 58 103 89 92 92 135 118 23 46 110 101 160 50
S 92 119 58 107 91 83 91 152 127 75 99 134 48 91 62 126 107 116 113 57 86 147 202 177 187 81 41 93 61 91 106 216 139 121 103 147 108 105 46 143 73 52 126 83 114 113 96 97 130 61 168 69 128 8 129 17 106 191 82
M 117 100 95 129 27 54 67 88 51 94 2 70 105 115 109 81 137 86 90 2 91 104 155 128 168 73 97 135 60 210 114 373 95 109 129 54 125 139 110 74 90 83 105 97 84 122 129 76 101 140 57 128 70 79 84 132 91 203 119
S 105 73 115 109 88 112 175 86 97 182 134 113 112 122 57 94 128 134 70 54 113 83 305 193 148 119 66 162 76 82 142 271 106 109 103 96 102 97 41 80 136 65 134 137 107 74 87 108 117 50 88 78 89 20 68 78 79 190 66
M 82 99 126 88 17 116 106 135 84 146 13 123 118 82 103 92 84 107 92 30 115 89 160 127 165 72 62 100 113 200 175 340 82 117 60 63 72 74 114 151 84 77 121 60 103 92 155 87 54 100 118 100 100 134 97 85 135 218 101
M 66 70 62 134 9 113 115 117 76 59 9 104 85 97 76 154 105 95 83 181 144 72 168 143 151 91 97 116 197 128 119 409 69 94 66 93 118 111 94 74 56 96 114 99 111 108 94 74 115 59 67 72 59 63 84 67 124 240 87
M 128 64 102 94 12 108 101 100 122 135 49 100 57 107 86 107 68 62 111 23 115 107 192 126 168 104 125 75 81 157 159 347 45 94 93 57 122 126 112 64 99 108 106 93 27 143 84 84 105 126 109 90 75 61 121 136 81 221 145
M 87 81 79 113 10 110 85 63 78 52 46 27 80 93 129 84 97 83 144 144 119 100 193 111 179 120 116 49 64 242 81 315 129 122 101 146 122 92 95 70 142 112 84 122 145 102 132 107 116 111 107 61 149 119 78 52 77 274 134
M 100 104 138 104 28 91 72 100 95 62 18 117 97 60 88 66 102 116 72 92 124 45 169 139 169 115 52 101 62 223 95 348 73 22 160 109 82 84 68 151 111 90 136 69 130 88 78 64 106 115 116 98 67 90 137 22 128 289 78
S 115 185 68 100 25 128 117 128 98 84 141 28 78 78 65 103 115 85 88 62 96 108 295 150 132 132 61 138 162 87 140 252 87 86 92 102 109 113 107 111 108 122 114 111 109 138 142 53 118 96 138 152 101 9 69 113 91 180 119
S 128 111 78 90 87 87 68 126 89 67 52 40 93 125 111 115 96 92 70 73 103 98 170 138 169 134 127 112 144 50 99 218 64 82 55 96 101 138 95 82 100 127 46 96 88 94 129 96 86 117 126 75 74 6 121 137 135 167 90
S 125 70 62 72 80 88 71 100 102 52 103 125 104 71 123 110 81 75 94 50 121 136 267 140 199 60 139 98 122 65 92 269 92 146 111 101 107 95 90 124 113 66 126 143 107 106 45 79 113 157 86 132 97 22 114 83 66 183 160
M 101 130 125 86 26 127 108 87 95 107 11 70 119 55 118 164 145 121 128 61 104 61 191 118 153 158 129 59 54 286 90 402 84 92 78 94 61 118 104 116 135 79 126 64 99 110 114 91 135 86 79 83 82 130 78 99 118 328 79
S 94 110 95 114 118 50 108 96 95 112 44 122 110 99 78 83 75 85 110 93 92 85 431 172 121 119 73 99 104 68 64 228 114 90 103 129 77 139 75 109 41 120 126 67 66 101 31 114 152 77 112 61 144 12 120 80 113 178 116
M 62 85 95 58 14 129 71 72 74 92 18 143 96 49 144 105 66 133 116 151 88 148 167 145 161 110 46 92 116 123 100 438 101 67 85 67 155 52 108 140 115 127 97 42 110 91 120 63 123 81 91 107 52 29 59 92 82 211 62
S 64 78 147 98 93 95 112 117 79 82 128 129 60 75 78 130 91 89 120 74 48 43 241 140 197 127 136 114 88 50 78 250 102 102 118 105 88 53 127 152 144 69 66 125 110 64 59 116 51 101 162 69 121 20 77 99 49 178 66
M 65 83 101 62 26 64 130 74 115 74 11 88 141 142 105 131 25 34 144 145 86 85 192 121 161 118 35 87 73 219 59 378 126 101 92 130 115 124 80 122 127 122 92 97 69 140 84 87 103 124 75 42 86 36 80 81 79 337 115
M 126 91 92 108 28 111 95 59 70 117 11 110 165 107 113 93 34 96 45 181 75 84 156 126 150 83 154 0 84 298 92 438 123 51 159 120 108 83 96 123 134 103 112 102 75 118 40 49 84 154 127 102 127 115 96 104 72 252 70
M 82 144 140 110 1 92 75 101 54 122 22 106 129 108 91 56 59 67 91 66 88 113 161 134 174 57 20 137 87 265 116 380 25 116 97 77 120 100 105 100 106 106 113 89 22 132 103 100 136 96 67 64 23 119 84 100 72 318 109
M 94 86 103 117 0 138 78 98 166 99 14 84 47 87 60 46 123 60 89 4 101 95 158 128 163 184 72 103 95 251 143 433 141 107 108 108 118 113 92 89 86 113 126 135 82 106 120 124 111 53 133 66 115 135 139 94 133 247 100
S 97 63 135 66 26 81 134 103 93 67 60 89 112 90 108 79 104 119 115 84 131 151 248 143 165 49 125 122 62 44 110 289 124 97 41 92 80 125 77 73 135 64 33 158 96 108 111 101 97 90 114 123 76 29 81 118 97 170 60
M 74 113 97 118 1 68 80 109 73 108 28 110 106 100 73 97 110 139 89 83 110 62 172 115 163 115 95 58 90 217 111 411 99 85 78 127 109 135 86 58 144 136 121 94 144 96 142 68 104 105 86 68 108 27 101 91 38 274 113
S 91 74 130 115 57 114 130 100 118 123 61 96 76 87 99 51 109 104 136 59 97 110 208 177 170 77 128 111 105 50 117 281 108 98 76 98 115 78 100 126 84 103 87 129 113 138 160 144 109 119 61 87 103 8 128 98 81 176 46
S 120 86 117 110 83 114 164 99 149 151 105 118 97 79 108 222 104 151 144 89 118 110 378 180 191 54 141 72 107 96 128 207 102 71 133 67 147 121 106 96 110 80 93 106 108 98 81 115 80 134 98 114 110 11 88 118 65 165 129
M 104 45 103 39 16 82 112 78 89 76 22 176 96 71 93 162 92 121 92 24 90 137 177 132 165 67 83 67 104 296 133 334 136 108 92 61 91 70 119 71 118 101 161 132 73 158 89 116 81 122 78 138 126 67 89 131 126 220 86
M 150 29 100 109 25 92 92 124 137 103 5 129 74 69 69 126 149 53 41 191 75 127 189 103 170 113 79 100 111 139 29 324 90 71 122 130 107 86 87 96 89 63 145 131 110 151 115 72 96 134 99 84 115 126 13 104 91 301 109
S 80 96 124 152 29 126 51 71 128 103 47 90 58 75 68 87 150 172 128 76 63 106 299 131 165 142 73 72 110 75 80 221 124 153 69 87 63 163 105 61 63 94 141 86 134 78 141 91 110 58 99 91 110 9 151 99 132 167 81
S 60 61 75 138 137 91 90 57 125 101 106 88 107 94 92 144 104 76 92 41 86 102 431 171 176 133 79 131 101 88 65 275 147 107 141 151 112 78 142 130 89 156 109 108 132 110 122 139 87 84 85 66 106 6 110 94 38 172 120
S 84 140 90 123 87 99 106 83 83 71 108 132 113 93 93 130 118 117 143 50 46 96 391 151 166 74 81 119 95 71 132 269 149 82 141 89 177 93 61 87 121 166 145 79 127 152 91 112 93 47 51 54 121 1 163 62 125 150 166
S 119 93 95 123 27 148 137 142 74 84 135 123 72 77 71 115 115 137 68 40 125 132 392 138 152 50 105 103 50 77 57 231 70 72 81 129 116 170 138 119 75 131 85 77 114 128 71 84 143 110 113 76 120 24 87 116 138 168 127
M 61 106 133 83 26 123 78 65 78 109 11 147 79 128 68 111 137 81 107 7 103 117 171 118 171 125 144 62 135 101 99 349 43 130 148 99 113 91 122 69 53 98 104 100 105 109 94 155 131 83 43 64 7 68 124 117 73 232 131
M 114 78 103 84 15 44 136 27 105 126 17 121 76 76 44 63 102 68 107 176 109 44 195 123 152 83 86 101 94 279 124 334 130 101 101 99 46 110 76 112 88 114 75 70 118 119 128 125 99 68 116 83 93 94 108 122 111 305 116
M 133 61 36 124 1 127 95 42 113 90 29 71 95 50 103 113 55 111 119 195 90 86 183 128 156 126 86 148 126 229 124 425 169 56 106 66 130 104 155 82 123 74 101 75 104 97 110 111 139 96 100 88 117 131 96 104 108 261 95
M 95 100 107 120 14 62 108 89 98 85 29 81 83 115 122 50 83 107 117 103 106 114 177 144 152 81 83 136 80 166 169 311 115 46 114 122 101 97 64 92 123 113 124 155 93 82 71 74 99 131 28 35 142 51 83 117 149 276 115
M 132 81 146 43 10 88 64 110 56 96 17 101 103 96 104 85 193 70 89 26 135 44 155 103 159 127 73 102 125 261 32 416 117 94 111 143 72 101 68 80 107 78 48 124 130 126 53 89 130 139 90 157 126 27 114 104 80 285 95
M 129 109 109 75 22 122 73 86 91 147 32 134 129 76 97 52 134 78 126 61 81 129 183 128 162 143 110 31 108 194 133 395 90 107 46 110 101 66 132 114 86 60 96 85 120 166 99 44 115 149 96 131 45 137 130 134 92 287 122
S 108 38 96 117 77 72 82 62 66 63 40 96 91 115 138 67 120 137 164 56 75 127 418 168 144 143 97 123 131 61 72 210 109 124 87 143 125 106 88 82 43 116 49 80 126 52 129 49 35 135 118 150 148 9 103 130 107 187 30
M 113 123 124 105 1 106 77 115 97 79 6 126 49 91 135 69 137 77 112 7 41 121 186 138 176 123 124 75 83 232 122 413 88 140 101 65 82 68 90 152 127 116 88 112 110 85 154 132 44 97 150 58 154 107 105 71 70 207 155
M 98 84 98 98 6 124 100 103 120 85 16 94 137 53 101 93 86 88 116 68 81 135 158 110 160 142 91 127 52 230 119 311 104 67 65 76 96 114 133 97 100 106 25 135 81 117 117 118 121 74 178 116 63 110 50 90 120 231 76
M 85 130 38 133 10 97 68 90 96 102 24 87 115 104 63 116 111 112 86 160 129 60 164 129 165 77 151 70 88 160 75 306 64 145 93 147 80 138 99 62 75 127 95 82 70 93 125 75 131 145 85 117 112 132 61 151 81 313 119
M 134 130 88 77 15 122 104 81 78 67 38 82 140 50 95 138 132 105 99 82 40 129 174 134 176 100 34 70 100 236 44 368 100 93 122 113 55 82 82 118 91 60 152 110 113 71 108 93 76 65 75 80 102 87 54 88 67 332 62
S 46 82 115 88 94 39 96 33 82 78 100 99 84 116 69 149 150 90 70 42 145 103 175 169 140 71 133 79 64 49 101 214 101 98 50 64 119 79 90 85 58 110 104 117 113 29 59 122 65 146 101 83 77 1 114 143 70 179 161
M 69 80 82 43 5 131 117 90 141 77 41 54 151 80 93 97 136 113 8 36 118 107 166 127 168 127 109 98 112 105 112 361 54 81 72 166 148 56 66 135 92 112 109 69 86 67 79 108 85 83 117 90 91 77 147 76 55 236 61
M 95 106 143 157 5 81 130 117 71 60 39 84 82 73 144 62 147 115 111 23 133 135 196 126 155 163 54 70 97 223 102 409 95 112 125 67 120 57 97 111 98 108 94 66 122 97 87 73 85 89 84 29 60 129 52 91 111 227 146
M 32 95 104 103 4 116 66 88 109 82 26 111 90 137 102 110 67 88 76 167 141 114 173 145 172 120 103 139 123 100 113 362 129 94 100 96 101 99 72 101 68 133 87 97 156 90 110 107 113 118 112 102 46 22 115 103 115 217 62
S 83 91 114 108 146 123 24 138 122 92 129 104 59 100 94 90 99 147 154 62 138 106 229 147 151 56 124 140 123 62 92 268 110 93 84 125 78 108 118 105 57 135 69 107 130 104 76 147 37 115 74 86 97 24 107 142 102 173 136
S 103 129 127 139 99 85 39 88 64 142 72 90 94 70 101 93 148 138 91 79 107 101 343 127 173 89 93 120 100 79 57 209 104 109 148 131 86 97 58 62 146 99 109 66 93 134 71 22 31 87 109 119 114 8 78 44 105 165 182
M 112 107 43 96 24 125 88 71 102 49 8 111 100 122 87 124 92 100 77 30 125 56 189 121 177 115 62 107 70 272 88 429 74 109 24 152 134 90 95 141 73 54 126 121 132 89 131 83 96 114 80 112 107 35 71 96 98 254 119
M 73 139 121 110 4 90 112 81 110 110 4 93 124 115 111 182 137 96 109 107 56 115 174 120 159 60 115 40 126 256 154 398 90 133 82 88 79 76 104 133 105 82 85 89 162 68 58 89 85 93 126 105 99 52 93 60 90 240 113
M 51 136 68 73 8 86 100 43 55 79 9 50 84 149 123 123 109 70 104 33 87 113 180 114 173 96 99 131 88 238 171 400 126 93 79 99 116 115 102 58 161 131 123 61 49 102 116 129 96 157 120 120 75 25 146 148 53 338 126
M 104 83 92 61 25 124 82 139 68 54 1 101 91 108 32 131 111 88 114 94 82 109 178 100 152 128 110 80 74 290 43 390 110 112 99 91 93 91 81 83 102 111 125 52 104 73 100 51 106 71 149 46 100 121 106 98 138 212 87
M 112 129 115 78 3 70 62 103 125 76 2 126 79 124 111 96 157 80 122 87 129 111 160 114 179 95 133 119 108 283 85 332 107 93 90 112 117 132 88 119 99 85 96 55 132 76 108 93 57 75 136 121 108 57 110 112 98 331 92
M 131 20 96 56 10 56 119 121 132 78 11 122 131 95 133 23 58 121 62 104 109 88 188 125 163 136 111 140 102 200 105 425 54 96 112 80 81 120 157 66 121 84 142 44 53 145 138 85 104 65 69 83 102 121 97 75 82 267 79
M 95 113 112 103 9 121 91 156 128 129 0 115 123 103 79 149 99 90 60 37 31 113 195 111 177 76 69 82 92 195 69 374 72 33 107 158 141 81 102 96 123 149 91 90 173 68 58 71 93 65 109 90 110 65 115 86 97 271 90
S 88 113 79 87 72 116 81 65 69 98 57 89 44 87 82 156 98 119 73 36 97 159 152 189 132 122 113 98 148 66 123 227 80 87 75 108 131 92 76 97 99 108 141 103 136 128 70 106 137 77 106 117 122 29 72 74 83 154 119
S 76 123 60 110 121 70 77 134 122 95 104 91 109 83 53 90 52 88 106 98 125 133 209 198 159 121 48 74 102 84 141 255 69 178 112 96 70 99 86 126 119 87 107 128 93 103 84 61 120 71 102 99 130 16 118 120 99 199 134
M 82 90 97 159 14 115 103 77 163 119 37 87 96 111 109 105 80 78 63 60 120 119 176 100 162 109 52 100 63 102 123 408 69 88 113 68 147 83 83 123 155 186 75 162 68 92 79 134 70 122 162 104 101 116 89 76 152 322 57
S 80 86 77 27 49 52 89 122 68 117 129 53 143 116 94 74 56 96 71 69 89 98 208 124 170 154 90 125 140 62 122 211 61 129 120 76 94 72 131 92 98 19 102 94 42 103 141 83 139 74 97 114 160 17 70 107 48 170 137
M 95 101 146 97 13 51 74 128 73 82 26 128 140 110 101 113 52 107 120 7 89 106 157 104 164 130 141 111 135 198 60 438 105 92 109 137 17 94 84 71 91 121 98 114 125 167 73 56 83 149 86 103 81 122 92 125 102 303 81
M 133 77 111 93 5 77 126 109 94 124 10 64 108 76 122 50 78 102 99 154 73 107 187 147 156 88 80 98 127 250 123 413 109 91 58 64 143 114 134 88 116 145 104 97 94 62 90 117 91 95 48 80 130 116 132 52 104 243 88
M 97 96 103 129 25 131 66 126 49 93 21 125 35 53 128 107 135 87 118 29 112 72 162 131 158 151 63 69 77 141 60 437 113 5 88 135 132 123 91 133 134 109 89 94 129 120 62 79 75 18 110 71 86 40 74 147 164 208 101
M 120 104 70 54 29 100 160 73 74 90 15 117 85 113 52 59 144 109 102 13 66 127 152 145 166 100 100 96 49 141 170 328 95 97 71 114 64 80 88 94 62 124 119 108 85 78 96 92 108 64 55 91 60 124 115 93 122 244 61
S 59 123 43 161 137 139 87 90 148 91 119 116 92 109 121 42 104 90 77 96 132 134 303 176 179 71 83 79 131 82 94 213 96 100 75 118 83 101 71 120 133 146 137 54 92 52 98 96 82 94 100 96 90 1 115 147 73 177 111
S 110 165 92 149 42 111 130 97 60 50 61 109 123 117 88 115 74 101 85 93 83 97 266 137 139 135 62 129 96 51 39 217 118 112 88 122 96 82 64 98 82 84 74 138 97 88 95 75 92 53 91 74 27 29 89 125 76 165 107
M 100 94 59 61 16 109 147 122 92 90 3 87 127 111 121 119 100 73 134 166 110 157 154 137 164 85 80 111 78 211 128 392 117 66 95 116 101 124 73 152 109 55 115 87 131 132 140 73 77 66 132 101 97 52 116 115 75 266 131
M 66 49 152 112 18 60 77 110 93 89 18 98 117 107 96 87 96 53 63 124 135 72 194 131 177 108 144 91 49 169 110 322 161 79 101 117 62 109 98 149 88 50 133 81 103 86 117 115 83 60 84 64 121 94 87 137 122 326 149
M 102 52 48 151 23 126 73 110 61 67 13 59 129 100 111 97 94 128 87 89 141 53 175 126 162 86 115 45 127 142 108 411 67 109 108 142 93 107 66 122 92 131 113 95 51 41 116 93 95 90 89 102 167 86 86 82 96 276 71
S 90 132 91 64 105 94 122 106 56 89 104 133 70 62 91 95 128 118 71 73 32 130 162 137 195 94 109 120 91 52 79 292 93 93 116 100 172 126 115 98 107 152 115 118 126 70 141 116 100 123 148 105 95 10 146 104 117 191 151
M 130 104 83 81 23 122 119 93 67 113 21 118 90 123 137 66 79 108 69 192 100 73 175 147 173 89 126 94 125 134 100 439 98 90 108 95 90 125 82 75 141 84 76 122 102 112 87 85 81 135 84 122 135 25 77 85 67 210 104
S 118 74 98 115 32 137 204 160 110 66 105 77 60 60 115 76 140 68 107 67 120 132 268 135 140 107 61 97 100 91 63 289 92 63 102 122 74 24 61 127 92 99 115 125 45 151 131 93 91 136 108 96 28 23 87 124 92 183 93
S 88 146 109 109 90 139 43 95 102 126 128 126 87 102 127 90 100 63 120 69 107 65 170 142 186 45 125 37 109 80 131 276 57 100 62 143 63 53 123 76 116 127 85 74 84 107 124 119 128 80 142 135 63 26 97 123 90 164 97
M 97 157 134 106 27 125 73 104 91 111 26 112 117 148 60 113 51 101 50 18 95 144 164 149 151 125 124 153 113 255 85 318 73 103 134 109 75 117 105 65 120 93 43 106 151 52 89 77 87 106 91 96 125 114 86 109 133 232 163
M 114 121 93 88 28 139 142 156 139 156 49 100 126 133 169 62 86 138 93 130 95 82 154 111 157 35 83 63 121 238 84 404 92 132 127 86 110 76 84 126 97 118 117 87 98 104 122 87 72 135 113 131 102 118 57 83 60 282 78
S 109 127 74 80 80 47 83 58 89 111 119 147 86 96 55 95 107 94 130 70 110 118 165 128 191 99 50 144 128 44 112 243 99 114 112 73 106 86 131 164 98 60 78 136 99 92 79 75 108 128 127 63 99 7 114 92 28 174 113
M 96 63 114 133 2 47 110 108 107 66 14 141 125 87 102 144 62 41 84 110 125 94 181 141 164 137 131 151 106 180 122 431 145 56 128 94 64 79 127 91 156 82 144 121 110 95 93 174 83 76 98 55 116 45 60 101 56 205 65
M 60 113 93 122 0 73 42 82 90 89 2 96 105 105 113 88 128 95 149 48 63 104 154 117 163 114 104 42 49 123 107 426 128 108 117 60 41 129 80 96 109 109 64 81 134 116 76 55 106 60 55 98 106 64 115 103 73 303 125
S 127 95 71 112 134 117 124 110 126 129 97 102 100 108 88 53 53 44 104 80 90 117 416 171 193 133 88 79 79 67 120 283 126 108 120 115 54 137 159 108 73 88 130 112 112 142 46 96 108 50 93 115 78 14 126 127 61 167 92
S 87 85 109 71 94 126 112 107 142 131 134 104 104 68 99 162 67 68 111 43 104 77 367 153 182 131 134 141 112 61 124 251 75 55 77 102 52 102 86 106 70 136 45 84 44 114 101 100 143 95 140 71 115 16 100 54 65 199 111
M 183 62 72 113 22 149 136 128 89 41 35 161 115 110 53 135 145 120 58 110 100 93 153 110 176 109 108 76 135 231 48 418 87 123 87 101 109 74 132 96 101 36 68 140 121 104 128 67 45 95 120 56 146 72 100 87 95 248 113
M 87 91 125 70 23 105 108 106 68 50 6 143 69 119 83 96 113 91 95 163 119 111 196 115 151 92 106 68 97 102 132 418 119 41 101 92 89 111 57 138 85 95 89 101 118 104 106 115 135 83 43 97 111 24 80 48 140 335 82
S 131 110 130 106 129 121 146 63 96 46 79 161 47 140 123 116 76 132 105 34 91 123 444 175 192 64 82 79 101 98 153 230 97 152 75 87 110 121 117 77 83 66 106 100 65 141 158 102 96 117 63 81 84 12 77 91 137 151 104
S 62 47 124 95 21 119 103 75 111 85 133 94 61 111 54 142 84 78 125 67 137 106 305 125 178 75 78 37 96 41 104 261 79 74 155 71 105 108 115 118 101 96 85 109 121 101 101 82 91 46 73 124 62 26 82 104 15 160 115
S 123 115 101 118 146 94 141 64 45 78 102 91 101 67 134 95 113 104 115 44 68 101 176 182 151 96 139 131 117 94 142 216 114 116 109 71 87 119 72 119 130 87 85 69 77 82 49 116 90 107 97 101 176 24 177 100 76 156 57
M 122 81 29 141 12 126 58 113 149 91 24 104 109 110 84 156 98 102 94 189 125 103 179 103 173 48 149 148 130 163 112 320 64 102 65 120 114 95 73 134 52 84 126 107 91 110 111 152 64 124 91 98 90 43 166 68 62 348 86
M 145 85 123 73 20 59 100 117 127 89 30 131 114 115 98 127 84 76 58 171 111 67 182 132 158 79 126 127 47 130 80 391 134 133 119 111 146 81 138 97 149 41 121 131 88 97 115 93 161 75 108 26 127 57 110 100 65 346 70
M 126 123 102 103 29 94 115 98 130 95 15 67 68 115 49 107 135 109 61 11 82 106 196 147 176 87 115 22 86 271 87 388 100 64 139 105 78 102 100 74 90 126 77 121 54 72 70 85 100 88 76 92 138 52 100 73 115 297 52
M 98 99 122 147 22 124 140 42 88 93 40 89 69 68 106 98 95 80 113 27 114 60 159 147 152 107 144 144 89 176 80 365 149 99 85 45 127 66 68 58 90 146 149 77 89 112 119 156 68 116 90 124 91 106 103 84 159 270 105
M 102 117 117 65 12 147 103 120 123 70 27 89 139 82 86 119 110 114 145 3 98 90 166 105 178 98 112 151 47 124 29 364 89 120 71 101 41 88 106 94 52 94 89 108 112 92 133 60 149 64 110 91 95 63 148 82 125 235 55
M 100 66 101 117 14 81 88 101 143 130 34 131 132 79 133 123 147 105 116 5 53 98 173 140 157 92 101 111 177 134 128 411 87 73 103 123 112 146 130 64 128 61 91 99 129 85 135 140 96 119 60 147 120 63 71 93 116 320 102
S 117 113 85 56 38 116 118 57 122 119 80 152 49 128 93 70 95 63 104 80 47 95 391 192 156 108 128 108 155 37 132 240 126 153 110 168 81 140 112 72 102 38 131 124 81 175 104 57 102 50 115 97 107 13 70 44 85 186 123
M 87 157 106 100 24 108 146 63 117 134 36 101 78 68 77 108 114 88 82 29 111 129 178 109 156 80 41 137 109 115 125 322 66 73 141 122 96 131 97 86 134 70 99 105 76 93 107 46 103 84 118 75 88 15 112 153 75 231 95
M 107 111 56 60 26 105 65 92 172 149 28 122 125 130 104 151 80 125 163 39 68 83 181 102 151 106 69 87 104 142 108 390 95 118 118 112 121 69 56 99 72 88 117 115 129 70 63 48 113 87 156 93 86 113 121 144 49 242 138
M 36 77 79 108 10 63 30 83 175 107 35 25 113 86 69 106 52 57 124 78 76 60 183 130 163 111 110 113 71 168 73 349 75 111 131 141 136 125 89 122 118 57 92 76 91 53 93 119 78 113 135 82 152 138 91 75 125 224 53
S 109 40 134 114 31 84 67 109 76 118 73 111 55 148 196 105 95 64 160 67 93 100 313 145 148 125 91 127 100 87 110 269 112 20 115 45 145 99 69 114 129 126 112 91 104 99 94 155 106 118 88 114 98 4 134 121 114 186 39
M 67 60 67 104 6 138 102 26 164 106 39 121 134 84 99 109 38 138 65 177 17 133 168 116 170 139 69 128 113 202 70 383 113 122 109 83 107 124 59 132 32 115 84 116 61 132 149 110 72 43 144 93 105 124 52 115 71 208 109
M 101 102 107 109 17 139 121 102 132 94 19 96 118 138 146 79 104 109 101 159 59 99 153 149 152 24 83 92 127 110 105 315 118 99 112 64 63 105 75 113 110 156 64 97 133 57 61 73 77 105 106 112 74 42 137 73 112 241 116
S 106 56 119 117 52 92 85 122 62 87 145 118 94 74 113 137 74 95 73 80 104 134 173 161 126 96 56 101 89 93 102 279 101 139 147 106 130 108 97 96 153 89 108 97 121 117 125 78 71 94 88 121 114 12 58 106 70 172 67
M 129 108 92 95 11 80 97 112 62 85 42 62 80 73 135 92 73 150 123 10 125 92 152 129 162 127 33 143 129 121 75 420 134 119 92 121 88 104 107 151 96 71 139 104 87 163 166 114 89 114 81 101 110 108 104 110 141 248 60
M 82 134 63 136 9 108 98 90 64 101 29 86 94 118 95 64 120 22 181 79 128 107 168 104 173 97 92 137 114 246 100 345 124 144 100 92 72 79 99 95 72 143 99 101 129 50 84 55 65 77 77 114 116 84 96 98 146 247 106
M 67 66 69 73 1 145 121 67 79 118 30 121 140 100 85 62 179 110 133 130 88 115 191 105 163 156 96 110 43 156 33 419 92 105 139 101 108 99 93 76 65 110 121 95 96 40 83 75 110 98 123 119 142 131 88 77 139 292 154
S 101 100 69 80 108 100 103 109 70 82 91 47 97 106 97 85 130 91 122 87 136 81 261 129 196 136 148 96 92 45 63 274 86 104 93 141 108 86 92 92 71 119 109 105 56 88 126 52 79 84 81 49 124 12 97 77 111 175 97
M 146 101 22 109 16 99 92 112 149 87 36 135 27 109 108 117 45 141 83 153 89 120 183 103 178 118 99 152 100 281 73 367 123 55 88 127 138 97 87 72 115 35 127 134 60 87 119 113 92 73 112 88 122 41 104 177 66 210 128
S 73 122 64 78 132 91 101 86 130 102 102 54 93 70 134 105 67 107 116 69 88 101 203 136 161 55 92 71 123 87 79 229 34 88 79 69 95 62 118 126 81 89 76 89 125 122 89 153 97 140 142 87 120 24 94 102 100 164 93
S 67 41 85 120 140 49 150 108 144 69 106 119 104 82 109 78 86 66 135 98 86 98 198 199 179 101 116 141 116 88 128 203 128 115 86 122 139 146 119 94 72 95 104 27 88 60 86 90 145 46 113 110 108 0 59 85 155 184 91
S 107 99 77 103 65 118 122 48 92 79 80 116 161 112 120 42 134 58 135 33 91 62 163 151 181 71 71 99 83 77 74 297 75 151 161 104 77 70 99 59 108 87 40 92 139 136 147 73 108 134 109 105 101 2 84 23 149 183 98
M 99 89 94 112 26 108 99 68 129 134 35 131 119 100 93 132 87 141 104 176 82 85 160 106 176 90 85 120 55 268 118 408 92 101 69 77 116 88 161 89 197 87 144 143 58 77 129 113 93 79 114 40 96 70 91 47 113 304 114
S 61 103 60 67 118 123 81 82 115 85 42 157 39 118 149 68 101 88 104 35 124 81 396 193 188 95 131 102 92 50 103 222 67 121 156 87 45 118 121 52 107 136 93 76 63 119 122 137 116 98 129 67 125 2 109 105 67 154 115
S 117 143 130 16 105 109 101 133 89 80 118 109 82 117 90 147 53 101 44 37 96 77 407 184 151 128 42 55 28 49 65 275 91 65 87 90 122 86 106 142 98 77 88 113 74 95 120 56 118 52 70 169 104 8 105 89 105 190 115
S 120 52 73 102 61 106 89 80 104 85 125 69 52 113 93 86 119 99 67 57 69 142 342 151 199 113 72 89 34 69 119 213 71 71 77 71 69 93 66 122 122 129 103 95 86 104 125 76 129 99 112 47 82 20 107 86 64 199 93
M 111 103 109 68 10 90 116 103 53 118 24 119 119 122 92 103 94 122 121 187 130 83 187 149 168 120 140 101 63 187 64 395 86 156 87 98 117 96 153 80 110 42 119 146 83 74 137 99 130 82 66 122 92 128 99 154 66 316 84
M 116 147 80 58 8 126 83 90 27 125 46 81 139 82 121 88 152 100 109 2 118 69 176 100 157 100 109 123 159 241 121 363 104 55 83 137 45 135 139 116 130 64 107 118 112 117 81 114 86 131 131 98 71 88 92 63 58 209 123
S 111 116 67 128 143 118 91 80 76 83 122 102 70 86 157 77 124 117 129 97 128 117 409 138 168 89 80 78 74 38 71 257 95 143 105 61 92 119 99 53 118 132 81 94 96 157 142 93 105 117 79 154 123 9 74 127 131 178 109
M 138 80 75 83 13 94 69 75 61 56 10 119 109 127 67 89 51 124 121 80 76 96 175 142 169 141 72 179 90 134 138 315 68 93 54 89 157 96 130 87 101 70 108 72 69 79 60 124 53 95 103 101 87 112 101 137 48 221 94
S 65 26 108 62 92 55 83 95 83 112 110 141 133 122 127 101 47 80 119 92 130 120 279 168 164 106 119 121 158 99 112 292 96 76 170 95 130 114 137 113 83 67 92 85 126 45 84 90 101 84 97 106 73 7 138 97 57 186 81
M 109 67 121 121 20 129 58 90 104 60 0 113 64 65 87 96 68 97 133 44 100 73 167 146 162 125 76 136 57 223 65 428 54 107 103 87 79 97 134 99 131 91 77 63 119 135 104 117 101 76 131 113 160 105 142 124 139 347 92
S 106 101 141 116 38 44 74 90 139 113 66 78 45 85 95 94 143 128 138 49 100 80 172 142 171 90 99 74 100 66 83 281 73 146 82 113 115 102 123 78 169 151 82 132 70 132 93 107 102 136 117 101 107 22 109 112 154 165 119
S 56 120 65 91 39 136 78 110 110 72 92 121 106 86 109 50 84 116 32 43 121 111 296 165 160 78 126 128 122 70 44 225 82 126 106 125 35 105 85 128 59 148 98 84 119 100 104 96 111 64 133 170 77 21 94 101 116 189 110
M 112 68 121 93 14 165 141 89 86 134 39 87 131 111 112 126 86 49 147 119 114 162 161 111 176 91 44 64 24 151 123 313 121 71 91 78 134 125 58 118 109 97 150 89 103 101 81 99 62 42 153 78 64 62 95 101 113 297 103
M 113 60 115 41 13 109 51 122 48 108 30 155 61 139 88 123 93 127 85 121 176 92 168 138 151 108 78 85 67 230 104 382 74 84 88 59 138 93 130 93 128 90 102 87 95 83 91 107 103 96 122 101 69 135 162 127 46 214 113
M 97 90 71 136 6 130 114 72 114 115 40 97 64 94 79 110 60 139 79 139 133 93 182 101 173 126 114 109 72 237 48 392 161 65 65 67 79 91 128 49 86 162 118 146 89 91 124 65 90 110 143 42 89 17 38 58 79 317 131
S 92 54 169 98 70 110 95 120 43 83 74 28 82 130 86 94 99 92 80 36 126 116 357 130 148 55 158 143 73 91 191 225 99 99 153 73 121 93 108 85 90 143 39 87 70 87 122 128 133 82 129 82 95 23 81 100 88 189 139
S 132 123 122 71 44 34 108 84 107 108 46 93 65 109 121 117 115 138 8 73 115 99 282 183 142 150 102 87 144 51 102 271 151 104 92 56 132 87 66 103 153 77 146 117 76 84 70 118 158 106 58 102 104 8 120 98 98 198 89
M 127 88 89 99 14 90 92 79 105 97 41 50 87 56 96 160 38 82 137 68 175 100 183 140 157 70 73 101 57 200 47 327 89 83 138 65 103 69 110 98 118 67 75 86 82 83 98 82 90 95 25 71 62 95 121 129 126 337 109
S 97 98 107 105 117 123 101 166 133 116 93 73 80 131 97 110 85 113 89 69 87 137 331 188 150 76 92 96 22 47 115 280 94 102 119 58 117 124 137 107 138 76 81 66 118 72 70 112 144 94 89 131 95 2 98 103 141 163 112
S 58 107 121 132 55 46 162 128 121 66 97 124 64 120 80 128 107 110 112 63 91 126 343 143 181 78 69 151 147 99 129 281 76 79 121 136 118 183 27 94 120 135 95 63 120 91 131 109 94 118 70 136 71 28 72 122 61 178 101
M 165 49 96 158 18 89 64 98 129 56 39 92 115 171 92 96 86 122 96 164 97 72 156 132 161 110 107 93 107 103 62 328 164 82 131 71 116 104 72 117 102 113 88 48 71 145 89 139 81 69 87 141 151 46 92 100 59 290 61
S 155 88 100 108 143 69 105 113 70 106 133 43 124 72 106 108 105 101 102 87 132 53 363 144 171 118 107 169 134 60 82 256 107 85 91 114 97 39 101 117 63 136 38 108 153 126 116 104 79 86 91 91 79 26 122 97 150 159 92
M 85 111 126 104 17 73 116 66 124 66 19 83 69 66 104 147 139 87 87 163 130 113 192 103 175 155 76 132 61 250 112 414 96 90 103 129 81 94 74 86 133 94 116 127 121 105 94 165 78 97 83 135 110 47 93 112 124 333 123
M 84 138 128 104 10 93 119 74 99 113 35 137 146 78 148 61 95 103 121 148 113 103 165 100 179 79 134 102 69 272 96 360 54 118 74 102 86 81 70 99 115 117 56 91 108 129 90 87 105 37 142 92 86 19 85 126 64 257 127
M 186 66 93 93 16 67 87 96 44 106 25 131 118 99 93 107 88 105 133 48 40 128 182 141 154 152 133 74 89 290 109 377 108 106 118 75 114 98 141 73 133 89 119 150 85 102 109 101 83 124 125 96 106 19 31 108 87 277 108
M 65 99 112 109 10 68 102 75 97 40 4 97 107 102 60 107 101 88 98 29 111 108 185 137 171 97 153 105 65 155 82 315 104 83 85 144 121 95 125 91 109 44 105 125 87 129 88 143 95 74 100 165 82 97 107 108 110 302 108
S 80 83 104 84 122 74 161 82 118 56 72 114 93 91 173 66 132 102 125 64 79 86 290 173 142 51 88 82 54 45 128 296 85 41 115 107 80 66 88 74 129 69 101 89 131 119 116 98 119 101 115 116 126 19 116 64 163 161 136
S 85 68 131 85 65 120 125 131 55 85 98 79 105 103 122 99 91 116 106 91 126 119 391 129 197 101 103 162 80 57 47 205 106 149 96 113 129 88 52 126 181 100 104 174 83 64 100 135 133 116 127 86 102 17 114 80 89 195 61
S 120 85 119 69 54 94 90 133 85 21 71 67 101 129 84 138 115 203 97 74 121 133 265 174 183 144 90 136 122 56 50 208 122 72 149 133 105 76 77 148 88 144 137 85 109 153 54 86 107 26 67 92 82 8 31 94 99 185 111
M 105 111 108 99 10 138 106 145 85 83 18 74 208 126 102 109 164 112 103 193 90 75 193 102 156 90 102 50 59 163 60 305 109 44 67 103 162 117 125 100 81 100 61 43 103 75 90 91 135 126 83 107 109 59 99 73 98 307 135
M 83 91 68 122 24 111 130 103 112 89 41 103 103 102 73 121 33 89 139 32 124 76 164 142 156 122 76 91 89 106 87 317 90 112 130 87 64 105 117 63 66 98 95 121 63 127 96 120 121 96 75 114 72 116 62 94 76 308 56
S 83 85 81 73 29 85 138 69 122 102 42 105 95 88 82 43 167 61 75 92 123 55 442 121 180 131 132 108 79 87 76 200 125 168 112 120 90 50 80 114 80 46 81 97 128 128 112 52 86 84 124 62 101 26 114 117 141 152 125
S 77 72 93 86 62 89 75 109 77 106 148 124 107 122 127 94 140 57 95 90 104 76 258 186 121 118 128 95 126 82 61 224 106 123 96 63 120 124 120 92 86 148 156 142 102 112 92 135 124 83 114 105 100 14 128 110 78 158 130
M 85 118 95 77 16 107 121 125 98 73 26 93 109 77 70 87 62 92 64 167 79 104 151 106 169 54 103 112 48 135 151 432 116 87 161 32 56 118 62 133 62 88 114 98 109 95 102 124 53 60 77 78 133 136 78 119 147 345 96
M 75 105 120 99 5 55 76 126 73 98 14 88 116 56 90 98 102 161 87 8 80 194 159 102 175 98 120 138 138 202 107 346 84 96 89 56 111 138 106 115 63 123 111 100 93 102 171 88 73 120 137 151 77 137 115 155 86 312 106
S 74 74 98 91 104 77 61 95 60 77 77 113 95 117 89 98 100 103 64 31 76 123 396 199 165 100 61 115 84 94 147 266 110 73 107 113 62 73 94 99 111 133 88 133 93 82 102 70 122 134 129 107 86 7 112 94 139 150 68
M 27 108 126 76 13 94 129 52 103 101 43 135 64 171 123 102 76 90 135 45 85 95 153 137 169 130 141 88 104 225 94 300 73 132 129 110 72 110 79 78 107 95 86 46 44 68 27 87 100 67 79 121 135 18 127 68 76 278 144
S 107 111 39 79 80 72 92 84 81 104 75 85 135 119 110 125 93 106 125 78 86 43 289 143 154 90 111 77 107 98 112 260 131 125 109 71 114 87 119 104 82 140 81 93 102 54 69 116 89 115 104 95 82 23 81 83 98 164 162
M 52 65 127 101 0 139 141 103 65 68 8 103 87 67 43 110 89 105 145 124 138 74 160 146 156 109 62 111 100 158 60 316 108 110 104 99 152 96 95 155 63 138 68 114 145 74 104 99 100 145 92 116 110 55 87 124 99 283 130
S 90 90 82 121 38 58 109 89 123 98 64 70 151 108 61 97 59 88 99 73 98 121 305 151 196 39 111 69 132 51 125 279 118 115 139 89 67 92 68 75 116 110 61 63 99 42 54 103 86 57 67 112 82 8 62 54 96 190 113
S 98 80 107 86 57 133 116 43 122 98 47 82 153 93 103 117 143 53 78 92 104 115 151 188 178 123 129 71 94 39 119 221 63 107 102 43 67 133 135 83 105 47 144 167 111 106 73 69 113 81 114 114 47 29 107 82 130 180 83
M 77 125 80 124 7 110 93 56 143 64 24 77 112 69 125 115 125 100 69 133 91 73 156 102 161 142 128 140 149 279 101 334 119 106 91 85 87 73 88 124 63 120 96 141 131 100 80 113 137 129 41 152 130 10 70 116 135 291 58
M 65 81 76 101 5 156 73 94 55 110 20 78 140 140 75 64 50 64 107 40 72 65 188 138 168 102 98 97 109 146 67 392 74 126 119 45 120 69 158 109 75 139 72 84 66 112 125 122 95 87 126 97 81 48 100 92 104 300 86
S 71 55 87 71 32 113 146 79 85 134 110 117 104 111 140 126 93 174 71 68 120 84 156 156 132 90 126 32 85 89 67 265 64 197 78 83 112 93 65 148 87 134 51 85 107 99 101 116 116 134 66 84 121 14 118 111 59 179 146
S 154 112 116 77 108 102 107 101 137 84 132 113 79 128 71 105 106 118 128 76 88 120 183 189 150 122 72 134 123 32 67 255 94 90 135 78 90 132 98 112 99 101 58 64 108 106 46 54 100 161 93 64 125 14 75 149 118 169 100
S 118 122 130 119 114 133 88 77 114 128 47 70 44 53 72 101 101 45 61 80 56 117 401 146 133 136 5 78 72 63 104 204 77 60 93 115 113 123 65 150 121 89 128 110 41 46 102 102 92 93 116 94 110 17 71 121 115 168 108
S 122 97 137 82 63 131 96 107 92 93 67 147 57 160 61 112 95 174 73 34 109 104 404 141 120 86 63 73 85 39 69 201 113 121 61 116 80 159 124 96 97 129 110 102 121 75 110 108 91 132 135 84 105 3 73 81 100 190 98
81 107 133 124 107 136 133 31 70 93 64 126 137 102 81 81 119 30 76 86 134 48 262 163 175 134 37 107 81 32 104 286 103 63 76 167 121 97 134 107 154 96 133 125 73 105 133 104 82 119 109 62 139 25 87 95 141 174 74
101 73 59 113 32 92 131 79 136 136 86 135 94 47 164 87 122 109 101 95 137 48 344 138 128 111 118 109 136 35 81 204 117 104 128 83 78 74 100 115 63 112 137 51 105 126 138 147 98 94 90 103 92 6 80 92 92 177 109
113 123 107 98 21 104 106 109 148 81 109 105 110 87 119 48 108 94 71 40 79 148 405 151 171 60 134 135 123 98 70 273 160 80 96 91 151 77 112 88 116 66 82 86 98 81 110 104 141 113 32 136 81 24 119 116 108 150 160
117 64 107 96 17 80 147 63 103 128 40 129 66 84 86 72 106 58 121 64 72 123 186 136 151 133 120 104 120 194 80 438 124 107 63 135 112 60 101 80 115 117 58 61 80 101 102 74 106 114 70 74 90 133 127 79 112 284 44
60 77 94 72 29 105 160 64 43 141 44 69 78 85 101 118 79 105 97 159 108 144 159 142 150 131 117 69 79 156 136 430 123 86 119 81 66 68 100 92 110 54 129 189 129 47 76 75 109 82 95 88 112 103 96 134 112 223 90
101 93 84 56 73 110 103 136 105 128 71 122 135 99 101 55 157 69 62 48 129 92 345 173 122 19 42 132 125 30 80 268 74 58 66 113 156 92 94 88 95 95 69 138 161 88 26 90 86 90 111 91 138 26 115 104 107 160 128
55 97 98 65 66 103 110 113 80 109 132 97 101 118 118 109 86 127 75 77 106 106 346 187 145 107 147 90 91 89 103 254 104 107 48 100 92 108 132 44 44 129 117 129 115 104 88 108 67 65 120 114 65 25 107 150 123 194 110
73 83 91 82 33 62 91 106 142 115 126 83 129 80 135 153 121 76 38 50 142 123 383 171 168 82 49 99 70 84 116 273 63 115 76 139 111 147 129 112 168 70 121 107 87 173 89 99 65 123 157 88 96 25 143 94 78 179 6
143 48 78 106 45 95 96 153 98 91 110 73 109 109 143 107 88 121 96 80 126 119 195 184 124 81 124 76 99 68 93 275 101 82 67 113 111 95 49 99 100 63 92 41 57 62 114 64 144 94 121 92 114 17 97 97 38 173 171
96 69 108 163 21 76 97 103 114 77 12 100 131 120 111 136 117 97 158 25 86 108 188 147 156 94 83 135 106 209 143 300 52 123 152 163 116 123 71 45 138 77 112 152 106 76 135 89 152 92 117 81 107 65 91 70 55 208 97
83 106 100 102 42 124 99 97 152 90 94 30 95 148 125 126 62 100 68 52 108 97 256 193 146 75 85 77 115 70 120 252 92 83 162 156 111 118 145 113 86 112 117 95 91 122 82 98 105 82 76 94 171 11 36 119 112 191 109
146 124 122 47 2 87 120 75 27 123 45 97 102 112 160 119 139 129 122 71 146 65 198 123 172 123 135 77 49 182 98 436 76 94 116 134 63 80 101 53 95 86 131 88 127 107 100 106 78 86 72 166 66 90 111 115 77 277 119
95 58 126 134 0 114 128 74 98 73 24 127 56 103 150 82 73 121 121 102 101 146 170 106 161 137 114 46 66 105 133 367 80 120 147 153 103 106 60 110 73 83 124 97 106 92 89 91 147 102 131 114 115 82 97 61 114 318 114
142 98 134 47 147 153 165 159 93 74 59 118 50 87 100 55 41 136 98 56 127 137 360 177 127 114 149 87 93 32 106 298 63 82 78 95 137 78 77 172 92 67 67 102 118 74 78 72 50 112 70 48 101 1 100 146 61 188 145
118 147 88 117 9 68 75 126 80 80 26 129 79 99 114 97 112 117 41 153 167 44 189 136 174 130 68 61 120 207 139 374 95 95 116 58 106 161 108 113 111 91 44 106 82 138 36 116 82 133 103 82 147 46 61 92 70 256 89
69 39 115 113 111 36 128 88 91 96 45 132 110 120 108 139 93 116 101 84 52 98 376 189 194 98 59 106 80 30 43 268 55 139 95 127 53 43 77 58 92 88 113 105 109 29 81 64 53 110 74 73 127 28 82 122 123 180 126
85 101 80 125 20 107 67 96 134 87 78 96 121 96 122 145 57 75 116 61 69 134 352 163 184 99 50 130 94 95 115 212 129 97 99 60 97 108 106 51 46 109 160 93 84 103 135 161 108 77 144 123 68 22 59 107 94 176 110
83 124 109 97 140 116 74 111 69 66 114 126 64 100 134 57 109 139 95 93 108 74 201 181 180 97 93 55 85 40 100 265 50 94 104 170 105 85 101 98 98 87 118 118 99 79 106 71 65 84 106 75 90 26 116 119 106 184 91
72 74 163 58 2 81 99 99 62 133 8 96 91 143 130 83 104 91 97 90 100 64 180 118 158 105 98 51 49 118 125 351 121 92 139 54 114 78 53 67 117 124 115 112 129 88 106 147 81 136 99 99 65 111 16 161 88 202 108
100 104 142 74 20 141 144 148 102 115 32 109 85 132 125 92 102 139 98 52 112 96 177 129 162 88 78 114 93 134 64 318 146 97 106 115 88 70 111 66 79 94 91 85 78 127 118 58 98 57 76 85 129 117 95 48 93 340 119
151 143 115 113 98 89 101 75 141 73 142 84 92 52 60 79 130 111 106 36 108 58 277 132 128 128 110 106 64 34 77 295 133 105 118 108 82 98 117 139 99 75 111 56 91 20 139 76 105 125 74 74 85 24 112 141 92 175 131
102 141 113 85 1 163 59 79 117 133 18 85 42 105 133 83 102 117 57 35 93 109 161 145 177 99 96 101 124 201 110 320 52 70 111 88 97 117 50 139 105 71 157 110 111 120 86 146 103 85 149 42 88 66 66 129 115 290 109
143 136 72 119 27 120 88 99 99 105 131 116 85 16 87 68 72 116 81 93 96 59 274 162 152 112 104 119 37 54 132 292 85 126 121 125 139 180 82 109 76 107 132 80 96 64 58 53 54 94 104 82 72 27 112 84 120 191 66
93 150 67 101 54 51 74 93 138 108 100 106 59 95 62 68 95 85 103 74 102 89 218 183 162 98 78 74 75 97 114 240 93 91 97 143 85 67 157 112 128 90 132 131 94 121 160 144 98 58 76 84 125 15 98 122 87 181 108
75 90 122 109 12 106 154 40 126 75 16 108 121 94 84 109 125 92 69 147 204 113 155 118 168 127 90 150 136 126 89 352 110 109 60 106 127 114 158 109 70 115 81 84 86 41 36 118 49 110 60 110 112 126 121 83 147 226 103
63 27 96 67 133 118 101 122 87 95 133 160 71 86 73 107 139 122 131 62 89 72 300 180 175 113 74 142 91 65 69 247 134 68 93 142 59 98 77 94 73 113 100 66 92 103 97 150 118 81 84 130 110 27 75 92 135 171 129
89 75 66 101 51 81 89 136 51 101 100 73 135 92 119 115 98 93 116 89 123 115 270 181 155 107 160 62 24 69 101 276 106 121 65 72 120 101 104 46 163 72 89 106 118 80 140 67 118 82 141 96 92 21 47 137 79 159 150
97 105 97 91 84 84 100 100 106 86 91 122 91 65 138 96 92 84 142 92 123 89 396 183 191 54 139 114 100 48 123 272 120 130 62 121 104 103 107 48 130 104 76 149 92 72 40 78 85 113 89 153 118 3 94 118 107 188 114
82 105 83 82 1 60 106 126 75 140 46 15 97 136 68 139 59 66 122 60 125 101 174 107 175 102 127 123 117 157 128 407 87 111 60 121 99 113 83 124 91 115 79 116 116 45 76 119 82 124 47 89 57 73 82 103 81 281 149
96 101 92 101 101 136 84 103 113 112 68 153 110 112 91 110 77 106 86 67 115 123 387 134 192 59 113 104 134 34 88 228 111 104 159 92 77 128 133 97 122 59 39 78 69 141 132 143 135 47 45 103 97 1 64 86 123 157 142
111 56 112 47 24 124 65 123 133 111 1 93 122 66 110 87 138 79 115 157 100 129 154 142 175 96 146 63 130 154 105 309 132 67 67 66 59 131 102 97 179 108 119 89 128 119 55 108 111 48 127 67 66 92 146 63 137 315 89
112 118 97 104 22 75 114 79 111 112 34 125 99 92 149 109 93 106 72 48 113 109 183 147 152 115 97 118 33 279 121 341 140 130 119 77 114 64 143 84 86 80 87 48 76 83 100 40 62 93 81 123 43 37 54 99 121 275 121
86 86 114 105 4 154 123 111 47 67 25 136 109 76 116 85 63 138 90 194 65 133 182 100 150 98 100 89 116 262 139 417 131 99 77 41 107 93 138 137 98 105 100 138 112 53 117 135 132 57 87 135 121 18 125 64 104 244 144
71 88 91 116 121 57 148 50 151 119 114 100 89 102 121 148 67 59 129 68 118 127 398 126 145 108 89 87 100 42 99 209 114 131 131 84 108 97 68 125 122 102 74 74 139 92 85 110 99 59 105 101 79 6 51 121 91 150 90
133 128 91 80 15 138 105 77 74 118 19 117 88 114 104 91 140 96 66 155 108 95 198 104 168 140 67 135 59 116 123 420 105 34 159 79 126 75 107 121 50 111 49 144 129 78 99 57 74 126 103 71 144 57 115 94 72 225 101