100
4374633
6859318
6609864
4171456
8110538
6627358
3408195
7412900
9894216
2436846
8608973
5814725
3769081
6947560
587370
4401731
5430745
6377539
7936133
1374571
5211712
7123074
9814547
8882891
8091847
8307001
5348681
1276219
1403203
1320401
6081061
6746270
1410637
7787971
2488984
9624353
4534595
3510141
5163212
1907006
996868
3592183
1700113
7879435
1317537
6492051
209044
9877907
9436146
5991940
6239478
2005639
9761918
8168924
7613078
9176539
3135866
3607561
2807132
2994103
3173347
1073111
1495384
6874294
3484447
1426545
6637975
3169104
7385668
5979754
6523328
4553272
3655853
3174377
5532715
3830685
9695189
8526807
5688941
3690639
9027243
1192048
1565023
9518870
4199876
1666673
7909008
6616929
9213182
8384739
3083178
6268991
39733
4150093
6798666
1823432
4636414
2165342
5188783
3874489